-1 0.5585205 0.6664325 0.014044999999999974 0.0070230000000000015
-1 0.5739700000000001 0.6608145000000001 0.00795800000000002 0.013342999999999994
-1 0.786634 0.6529145000000001 0.01006600000000002 0.007372999999999963
-1 0.5632025 0.650281 0.024813000000000085 0.026685999999999988
-1 0.7776215 0.6288625000000001 0.0032769999999999744 0.013342999999999994
-1 0.78441 0.6357094999999999 0.017790000000000084 0.041081000000000034
-1 0.3999295 0.606917 0.013342999999999994 0.019311999999999996
-1 0.39361 0.6046345 0.005852000000000024 0.014746999999999955
-1 0.460557 0.5026335 0.006319999999999992 0.0066709999999999825
-1 0.4767085 0.49051999999999996 0.007725000000000037 0.016152
-1 0.46664300000000003 0.477704 0.02177000000000001 0.03686800000000001
-1 0.23934899999999998 0.2963485 0.016619999999999996 0.024579000000000018
