-1 0.6084970000000001 0.6316714999999999 0.006319999999999992 0.009129000000000054
-1 0.5674155000000001 0.640625 0.01872700000000005 0.03616599999999992
-1 0.196629 0.6127104999999999 0.005149999999999988 0.012641000000000013
-1 0.213132 0.6106039999999999 0.012406 0.042134000000000005
-1 0.5015215 0.5481039999999999 0.009596999999999967 0.021067999999999976
-1 0.5128745 0.5423104999999999 0.009830999999999923 0.03054699999999999
-1 0.5019895 0.52809 0.009128999999999943 0.010533999999999932
-1 0.5401455 0.5331815 0.01942900000000003 0.02914300000000003
-1 0.53956 0.512816 0.005149999999999988 0.007373999999999992
-1 0.5436565 0.48771050000000005 0.004915000000000003 0.01544899999999999
-1 0.486306 0.4873595 0.01006600000000002 0.02176900000000004
-1 0.5585205 0.487535 0.014512999999999998 0.02633399999999997
-1 0.4877105 0.45277350000000005 0.01942900000000003 0.022121000000000002
-1 0.36282800000000004 0.40133450000000004 0.011703999999999992 0.009128999999999998
-1 0.444288 0.38009099999999996 0.011235999999999968 0.015098
-1 0.35685849999999997 0.385885 0.019428999999999974 0.030196
-1 0.5317185 0.308813 0.003043000000000018 0.012992000000000004
-1 0.4935625 0.2854635 0.00397900000000001 0.011234999999999995
-1 0.528441 0.2926615 0.019428 0.04389100000000001
-1 0.494733 0.27282300000000004 0.0044480000000000075 0.011235999999999968
-1 0.478113 0.2749295 0.016619999999999968 0.02668499999999996
-1 0.3764045 0.02809 0.025280999999999998 0.050562
