-1 0.750351 0.9085325 0.017087999999999992 0.02914300000000003
-1 0.3069995 0.796524 0.008193000000000006 0.006672000000000011
-1 0.27493 0.7880965 0.012406000000000028 0.005969000000000002
-1 0.254096 0.7870435 0.005851999999999968 0.005969000000000002
-1 0.3045415 0.7823035 0.007958999999999994 0.009129000000000054
-1 0.309691 0.7840590000000001 0.006086000000000036 0.014044000000000056
-1 0.2765685 0.7726474999999999 0.013342999999999994 0.010884999999999923
-1 0.2578415 0.7698385000000001 0.018961000000000006 0.02914300000000003
-1 0.730103 0.482619 0.00795800000000002 0.0024580000000000157
-1 0.7195695 0.46172749999999996 0.008426999999999962 0.01474700000000001
-1 0.729986 0.46734549999999997 0.017087999999999992 0.026685000000000014
-1 0.855571 0.419944 0.006553999999999949 0.0014040000000000163
-1 0.8445695 0.416608 0.008426999999999962 0.012289999999999968
-1 0.8533474999999999 0.411517 0.004446999999999979 0.011235999999999968
-1 0.8577950000000001 0.409761 0.0039799999999999836 0.011938000000000004
-1 0.8460909999999999 0.408181 0.012406000000000028 0.018610000000000015
-1 0.385417 0.38728949999999995 0.011938000000000004 0.01474700000000001
-1 0.35311349999999997 0.362184 0.0021070000000000255 0.003862000000000032
-1 0.3562735 0.3576195 0.00327700000000003 0.005266999999999966
-1 0.34398399999999996 0.355864 0.005852000000000024 0.008075999999999972
-1 0.3503045 0.350246 0.0072570000000000134 0.009480000000000044
-1 0.7389985 0.250527 0.0028090000000000614 0.003160000000000024
-1 0.7365405 0.2470155 0.003043000000000018 0.0038630000000000053
-1 0.3277155 0.25438900000000003 0.014512999999999998 0.025632000000000016
-1 0.7290495 0.2352525 0.001638999999999946 0.007724999999999982
-1 0.739232 0.2357795 0.012639999999999985 0.02141900000000002
-1 0.883778 0.0424855 0.009597999999999995 0.014045000000000002
