0 0.3215125 0.75474 0.02551500000000001 0.049507999999999996
0 0.277505 0.580232 0.011938000000000004 0.019311999999999996
0 0.31449 0.5702245 0.027855999999999992 0.047050999999999954
0 0.22191 0.498069 0.01545000000000002 0.03757000000000005
0 0.20435399999999998 0.478055 0.004681999999999992 0.008778000000000008
0 0.21161049999999998 0.4752455 0.011704999999999993 0.022822999999999982
0 0.5701080000000001 0.465941 0.016152000000000055 0.009129999999999971
0 0.5628515000000001 0.44785850000000005 0.031132999999999966 0.034059000000000006
0 0.3852995 0.36393949999999997 0.00327700000000003 0.005968999999999947
0 0.386704 0.354986 0.005618000000000012 0.005617999999999956
0 0.351592 0.35323 0.005149999999999988 0.011236000000000024
0 0.361657 0.35094800000000004 0.010768 0.015098
0 0.889045 0.338132 0.015449999999999964 0.02177000000000001
0 0.487008 0.255794 0.011001999999999956 0.020014000000000004
