0 0.8683289999999999 0.805302 0.0049160000000000315 0.010182000000000024
0 0.8577945 0.7917835 0.019897000000000054 0.03792099999999998
0 0.3900985 0.65783 0.008193000000000006 0.0031600000000000517
0 0.38939650000000003 0.6390450000000001 0.02551500000000001 0.03089799999999998
0 0.7594805 0.6204355 0.024110999999999994 0.04143300000000005
0 0.087781 0.5689955 0.006554000000000004 0.011587000000000014
0 0.0924625 0.564958 0.007958999999999994 0.011236000000000024
0 0.5562965 0.55618 0.009129000000000054 0.010534000000000043
0 0.556648 0.5498595 0.007489999999999997 0.0070230000000000015
0 0.5646070000000001 0.5474019999999999 0.00655400000000006 0.010533999999999932
0 0.5527854999999999 0.5431885000000001 0.00210699999999997 0.00210699999999997
0 0.5582864999999999 0.537219 0.0014049999999999896 0.0021059999999999413
0 0.0740875 0.5340590000000001 0.008661000000000002 0.009831999999999952
0 0.068352 0.528617 0.003278000000000003 0.0031600000000000517
0 0.0648405 0.526861 0.002808999999999992 0.0031600000000000517
0 0.0736185 0.523525 0.002574999999999994 0.005618000000000012
0 0.8249065 0.410639 0.04307100000000008 0.05372199999999999
0 0.404026 0.382198 0.005149999999999988 0.010884000000000005
0 0.397004 0.390274 0.016385999999999956 0.029845999999999984
0 0.8435159999999999 0.1383425 0.007723999999999953 0.018961000000000006
0 0.6658470000000001 0.1176265 0.006319999999999992 0.010533
