-1 0.525515 0.625351 0.010768 0.006319999999999992
-1 0.538038 0.6185039999999999 0.005851999999999968 0.008076000000000083
-1 0.5289094999999999 0.6109549999999999 0.019896999999999943 0.021067999999999976
-1 0.7044710000000001 0.5797049999999999 0.00725600000000004 0.007021999999999973
-1 0.6963955 0.5633779999999999 0.0028089999999999504 0.015799999999999925
-1 0.7025980000000001 0.5670645 0.012406000000000028 0.03019700000000003
-1 0.4414795 0.510007 0.0037449999999999983 0.005265999999999993
-1 0.4447565 0.4998245 0.004213000000000022 0.007373000000000018
-1 0.43609549999999997 0.489466 0.018726999999999994 0.02809000000000006
-1 0.22530450000000002 0.3813205 0.014279000000000014 0.019662999999999986
