0 0.5092464999999999 0.582163 0.013342999999999994 0.0035119999999999596
0 0.9084734999999999 0.5756669999999999 0.02013100000000001 0.015799999999999925
0 0.504799 0.5711025 0.02364199999999994 0.011587000000000014
0 0.531718 0.5637289999999999 0.016151999999999944 0.025631999999999988
0 0.5301965 0.558111 0.01591700000000007 0.02703600000000006
0 0.5127575 0.5482795 0.041900999999999966 0.050912999999999986
0 0.895014 0.5303720000000001 0.00725600000000004 0.02633399999999997
0 0.906718 0.5398525 0.033474000000000004 0.08181100000000002
0 0.31308499999999995 0.5026335 0.02692 0.02984500000000001
0 0.388226 0.2645715 0.011938000000000004 0.050913000000000014
0 0.36985 0.2535115 0.029025999999999996 0.053370999999999974
