-1 0.613881 0.4841995 0.007255999999999929 0.009831000000000034
-1 0.7798455 0.494733 0.026451000000000002 0.03511199999999998
-1 0.6233615 0.483146 0.004213000000000022 0.011938000000000004
-1 0.6147005 0.475948 0.008426999999999962 0.012992000000000004
-1 0.6239465 0.4713835 0.007256999999999958 0.010885000000000034
-1 0.269897 0.46646750000000003 0.005618000000000012 0.007373000000000018
-1 0.615988 0.4666435 0.007255999999999929 0.013342999999999994
-1 0.256554 0.47489499999999996 0.028558 0.04178399999999999
-1 0.619499 0.1423805 0.005851999999999968 0.017907000000000006
-1 0.6264045 0.1413275 0.0065549999999999775 0.01650299999999999
