-1 0.37450399999999995 0.6670385 0.008267999999999998 0.006696999999999953
-1 0.3667325 0.6620785 0.011904999999999999 0.010664999999999925
-1 0.4227845 0.6023065 0.008267000000000024 0.004712999999999967
-1 0.47304900000000005 0.4118305 0.008267999999999998 0.006201000000000012
-1 0.47817449999999995 0.4103425 0.011904999999999999 0.010168999999999984
-1 0.7979499999999999 0.342014 0.01058199999999998 0.008431999999999995
-1 0.4558535 0.265129 0.008266999999999969 0.0049599999999999644
-1 0.8715275 0.246404 0.0062830000000000386 0.0042159999999999975
-1 0.8895504999999999 0.22371049999999998 0.009259000000000017 0.00644900000000001
-1 0.4985115 0.1975445 0.002314999999999956 0.008184999999999998
-1 0.5061175 0.1980405 0.01091299999999995 0.012152999999999997
-1 0.8978174999999999 0.159474 0.003969 0.0019839999999999858
-1 0.89666 0.157862 0.005622000000000016 0.002728000000000008
-1 0.43353149999999996 0.0864335 0.00529099999999999 0.007193000000000005
