-1 0.33366399999999996 0.964658 0.007276000000000005 0.0032240000000000046
-1 0.08664 0.9616815000000001 0.007935999999999999 0.008184999999999998
-1 0.1011905 0.9614335 0.011904999999999999 0.011161000000000088
-1 0.810516 0.8205605 0.007935999999999943 0.007193000000000005
-1 0.721561 0.8111360000000001 0.012566000000000077 0.01909799999999995
-1 0.708664 0.8030755 0.00992000000000004 0.00744099999999992
-1 0.757606 0.8015875 0.010582000000000091 0.009425000000000017
-1 0.7266865 0.7894345 0.015543000000000085 0.012400999999999995
-1 0.7101525 0.7895585 0.0062830000000000386 0.015129000000000059
-1 0.7843915 0.7698415000000001 0.019179000000000057 0.012897000000000047
-1 0.27628949999999997 0.6132195 0.014219000000000037 0.013641000000000014
-1 0.28521799999999997 0.6063985000000001 0.009590000000000043 0.011904999999999943
-1 0.045800499999999994 0.531622 0.008929 0.007688000000000028
-1 0.0565475 0.5254215 0.007937 0.005705000000000071
-1 0.1512895 0.392981 0.01025100000000001 0.004711999999999994
-1 0.1516205 0.389013 0.010913000000000006 0.006696000000000035
-1 0.4540345 0.37003949999999997 0.009259000000000017 0.008432999999999968
-1 0.4705685 0.362103 0.005291000000000046 0.0029759999999999787
-1 0.45618349999999996 0.3526785 0.008266999999999969 0.019840999999999998
-1 0.46544300000000005 0.35230649999999997 0.006944000000000006 0.020088999999999968
-1 0.2508265 0.3325895 0.0062830000000000386 0.009921000000000013
-1 0.2428905 0.330729 0.004298999999999997 0.006696000000000035
-1 0.2478505 0.328249 0.006282999999999983 0.007191999999999976
-1 0.29646150000000004 0.32068450000000004 0.006282999999999983 0.0064489999999999825
-1 0.1278105 0.312996 0.006283000000000011 0.006448000000000009
-1 0.3272155 0.2406995 0.005620999999999987 0.0032250000000000056
-1 0.329365 0.238095 0.010582000000000036 0.007440000000000002
-1 0.332176 0.23363099999999998 0.011574000000000029 0.010416000000000009
-1 0.33416 0.229539 0.008267999999999998 0.00520799999999999
-1 0.31977500000000003 0.2275545 0.0046299999999999675 0.002729000000000009
-1 0.8667324999999999 0.205729 0.009259000000000017 0.004711999999999994
-1 0.21378950000000002 0.1324405 0.006283000000000011 0.004464999999999997
-1 0.212467 0.129712 0.006944000000000006 0.003967999999999999
-1 0.2104825 0.127232 0.004298999999999997 0.00248000000000001
-1 0.3348215 0.105283 0.007604999999999973 0.004711999999999994
-1 0.218254 0.076513 0.0013219999999999898 0.0017360000000000014
-1 0.17361100000000002 0.074281 0.003967999999999999 0.003720000000000001
-1 0.21792299999999998 0.07353699999999999 0.004629999999999995 0.0032239999999999908
-1 0.210979 0.072793 0.004630000000000023 0.0042159999999999975
-1 0.2084985 0.0704365 0.0036370000000000013 0.0029770000000000074
-1 0.3343255 0.063616 0.004628999999999994 0.0027279999999999943
