0 0.24735449999999998 0.7569444999999999 0.012566999999999967 0.01686500000000002
0 0.1742725 0.731399 0.003969 0.0039679999999999715
0 0.4497355 0.722842 0.009259000000000017 0.0047120000000000495
0 0.4566795 0.72185 0.0033070000000000044 0.005703999999999931
0 0.43849249999999995 0.688492 0.00529099999999999 0.0049600000000000755
0 0.298115 0.6883680000000001 0.005622000000000016 0.009175999999999962
0 0.3007605 0.682292 0.0023150000000000115 0.0034719999999999196
0 0.3120035 0.6791915 0.004298999999999997 0.006201000000000012
0 0.5712630000000001 0.6649305000000001 0.0049599999999999644 0.003969
0 0.5735779999999999 0.6615819999999999 0.0029759999999999787 0.0032240000000000046
0 0.5305885 0.6597219999999999 0.004299000000000053 0.0034720000000000306
0 0.519841 0.6592260000000001 0.015212000000000003 0.005456000000000016
0 0.170304 0.6447175 0.01454999999999998 0.009177000000000102
0 0.5805225 0.640501 0.0036370000000000013 0.0037199999999999456
0 0.143353 0.638021 0.0036380000000000023 0.0037200000000000566
0 0.508763 0.6372765 0.011573999999999973 0.011160999999999976
0 0.6534395 0.6191715 0.017857000000000012 0.02554499999999993
0 0.655258 0.594618 0.0029760000000000897 0.0027280000000000637
0 0.669643 0.5952379999999999 0.0019839999999999858 0.0044639999999999125
0 0.655754 0.5925100000000001 0.002646000000000037 0.0009919999999999929
0 0.648644 0.593254 0.006944000000000061 0.0049599999999999644
0 0.6630294999999999 0.5866815 0.0072750000000000314 0.0032250000000000334
0 0.650463 0.5840775 0.019179999999999975 0.01388900000000004
0 0.6560845 0.577877 0.004628999999999994 0.005456000000000016
0 0.6689814999999999 0.5794889999999999 0.011243000000000003 0.012152000000000052
0 0.6653439999999999 0.5725445 0.005952000000000068 0.005705000000000071
0 0.6655095 0.563616 0.002314999999999956 0.0017359999999999598
0 0.6762565 0.564484 0.003969 0.0044640000000000235
0 0.675926 0.5610120000000001 0.0013220000000000454 0.0014880000000000448
0 0.6694775 0.560516 0.00694500000000009 0.0044640000000000235
0 0.678737 0.56002 0.005622000000000016 0.005456000000000016
0 0.5261245 0.5574155 0.019840999999999998 0.017608999999999986
0 0.6673279999999999 0.5496035 0.007275999999999949 0.01736099999999996
0 0.5429895 0.5367065 0.005290999999999935 0.004960999999999993
0 0.4968585 0.5084325 0.0036370000000000013 0.004960999999999993
0 0.453538 0.485491 0.009589999999999987 0.01016800000000001
0 0.47536350000000005 0.473462 0.004298999999999997 0.0049599999999999644
0 0.5125664999999999 0.456349 0.005291000000000046 0.0039679999999999715
0 0.4920635 0.40811 0.009259000000000017 0.020089999999999997
0 0.5052909999999999 0.390377 0.002646000000000037 0.002976000000000034
0 0.491733 0.390501 0.008597999999999995 0.00669599999999998
0 0.5001655 0.3933535 0.00826700000000008 0.012896999999999992
0 0.563492 0.387277 0.009260000000000046 0.005703999999999987
0 0.4943785 0.3859125 0.007936999999999972 0.006449000000000038
0 0.55043 0.38454849999999996 0.009589999999999987 0.005705000000000016
0 0.5664685 0.3819445 0.0026450000000000085 0.002481000000000011
0 0.5507610000000001 0.3825645 0.009590000000000098 0.005208999999999964
0 0.5641535 0.3816965 0.004628999999999994 0.00545699999999999
0 0.562996 0.3784725 0.006284000000000067 0.011409000000000002
0 0.552083 0.37748 0.009589999999999987 0.009423999999999988
0 0.0190145 0.360739 0.004961 0.012647999999999993
0 0.0117395 0.3606155 0.008267000000000002 0.013393000000000044
0 0.5286045 0.3504465 0.008267000000000024 0.011409000000000002
0 0.1641865 0.340526 0.006283000000000011 0.005951999999999957
0 0.532738 0.329985 0.013228000000000018 0.006200000000000039
0 0.5282735000000001 0.3379215 0.01686500000000002 0.023561
0 0.5155425 0.33308550000000003 0.017857000000000012 0.01587299999999997
0 0.513889 0.32663699999999996 0.008597999999999995 0.00496000000000002
0 0.5367065 0.3251485 0.016534999999999966 0.017857000000000012
0 0.386409 0.23772349999999998 0.018187999999999982 0.018601000000000006
0 0.36789000000000005 0.23549150000000002 0.015542 0.017609000000000014
