-1 0.941799 0.968998 0.00330599999999992 0.0029759999999999787
-1 0.478009 0.9439485 0.007606000000000002 0.007441000000000031
-1 0.3812835 0.9270835 0.0072750000000000314 0.009424999999999906
-1 0.1392195 0.8198165 0.013226999999999989 0.006697000000000064
-1 0.35499349999999996 0.77939 0.00892900000000002 0.006696000000000035
-1 0.6509590000000001 0.765873 0.003637999999999919 0.0034720000000000306
-1 0.499339 0.7658735 0.01719599999999999 0.015873000000000026
-1 0.4107145 0.7576885 0.007937000000000027 0.005952999999999986
-1 0.4026125 0.754216 0.004960999999999993 0.006944000000000061
-1 0.4055885 0.74628 0.012234999999999996 0.006447999999999898
-1 0.569279 0.6762155000000001 0.009589999999999987 0.00868100000000005
-1 0.29530449999999997 0.642361 0.0033070000000000044 0.0024799999999999267
-1 0.3017525 0.6421129999999999 0.00165299999999996 0.0029759999999999787
-1 0.298115 0.6413690000000001 0.0009919999999999929 0.0049599999999999644
-1 0.2833995 0.6163194999999999 0.0033070000000000044 0.0019850000000000145
-1 0.27777799999999997 0.6175595 0.010582000000000036 0.004960999999999993
-1 0.279266 0.612351 0.0036379999999999746 0.0019839999999999858
-1 0.42394149999999997 0.5539435 0.013888999999999985 0.00917699999999999
-1 0.422288 0.5226934999999999 0.006614000000000009 0.007688999999999946
-1 0.4434525 0.516121 0.0033070000000000044 0.0034720000000000306
-1 0.6228505 0.49925600000000003 0.004299000000000053 0.006448000000000065
-1 0.5661375 0.497768 0.0072750000000000314 0.0039679999999999715
-1 0.6309525 0.497768 0.0026450000000000085 0.006944000000000006
-1 0.40129 0.497768 0.009589999999999987 0.006944000000000006
-1 0.91584 0.407862 0.010251999999999928 0.008680000000000021
-1 0.6297950000000001 0.40253 0.01422000000000001 0.005951999999999957
-1 0.6296295000000001 0.3967015 0.015210999999999975 0.008184999999999998
-1 0.7579365 0.373884 0.005290999999999935 0.006696000000000035
-1 0.749339 0.372768 0.01058199999999998 0.005456000000000016
-1 0.2367725 0.37003949999999997 0.009259000000000017 0.0069450000000000345
-1 0.5639879999999999 0.36011950000000004 0.019510000000000027 0.014880999999999978
-1 0.7551255 0.3590025 0.014218999999999982 0.015129000000000004
-1 0.702712 0.33482100000000004 0.0019839999999999858 0.0014879999999999893
-1 0.66832 0.2760415 0.011904000000000026 0.005952999999999986
-1 0.921627 0.244916 0.007275999999999949 0.00520799999999999
-1 0.535218 0.24677549999999998 0.009589999999999987 0.011408999999999975
-1 0.39980150000000003 0.2423115 0.00529099999999999 0.004961000000000021
-1 0.7949735 0.2404515 0.011905000000000054 0.007689000000000001
-1 0.3971565 0.232267 0.00529099999999999 0.004711999999999994
-1 0.344742 0.19667649999999998 0.008927999999999991 0.006945000000000007
-1 0.3113425 0.1638145 0.0036370000000000013 0.0066970000000000085
-1 0.317295 0.1634425 0.010912000000000033 0.007937
-1 0.130291 0.1485615 0.009260000000000018 0.010912999999999978
-1 0.34771850000000004 0.144097 0.004298999999999997 0.005952000000000013
-1 0.2084985 0.1154515 0.006944999999999979 0.00917699999999999
-1 0.196594 0.113343 0.005621999999999988 0.004959999999999992
-1 0.15079399999999998 0.112847 0.006613999999999981 0.006944000000000006
-1 0.1557535 0.11086299999999999 0.005291000000000018 0.005951999999999999
-1 0.16683199999999998 0.110119 0.005621999999999988 0.004960000000000006
-1 0.20039649999999998 0.1143355 0.007275000000000004 0.015376999999999988
-1 0.5512565 0.10838300000000001 0.00661299999999998 0.00446400000000001
-1 0.9637895 0.095114 0.0062830000000000386 0.005208000000000004
-1 0.11408750000000001 0.080481 0.00727499999999999 0.0032240000000000046
-1 0.0805225 0.07849700000000001 0.0023149999999999976 0.001240000000000005
-1 0.07903450000000001 0.07713300000000001 0.0033069999999999905 0.0014880000000000032
