-1 0.066799 0.934276 0.025794000000000004 0.022818000000000005
-1 0.085648 0.841146 0.008597999999999995 0.0027279999999999527
-1 0.8382940000000001 0.714534 0.006614000000000009 0.0044640000000000235
-1 0.8452379999999999 0.714162 0.007936000000000054 0.006199999999999983
-1 0.5975525 0.720486 0.015873000000000026 0.020338000000000078
-1 0.847718 0.7101934999999999 0.007606000000000002 0.0037209999999999743
-1 0.8361445000000001 0.707217 0.004298999999999942 0.0027280000000000637
-1 0.5958995 0.7012645 0.021824999999999983 0.018104999999999927
-1 0.5886245 0.6955605 0.015211000000000086 0.009673000000000043
-1 0.566799 0.6706350000000001 0.014549999999999952 0.011407999999999974
-1 0.6653435000000001 0.6008185 0.005291000000000046 0.0027289999999999814
-1 0.667824 0.597966 0.0023140000000000382 0.0029760000000000897
-1 0.835979 0.5923860000000001 0.0019839999999999858 0.0047119999999999385
-1 0.845073 0.5952385 0.005622000000000016 0.013392999999999988
-1 0.8409395 0.590278 0.00330700000000006 0.0044640000000000235
-1 0.175099 0.519841 0.005622000000000016 0.0024800000000000377
-1 0.168651 0.517857 0.003967999999999999 0.0019839999999999858
-1 0.1769175 0.516369 0.00529099999999999 0.0024800000000000377
-1 0.17295 0.5147569999999999 0.003967999999999999 0.0032240000000000046
-1 0.0747355 0.5182295 0.012566999999999995 0.014137000000000066
-1 0.9826385 0.5054565 0.01686500000000002 0.01686500000000002
-1 0.6904764999999999 0.49814 0.011904999999999943 0.021082000000000045
-1 0.428075 0.4911955 0.018187999999999982 0.017608999999999986
-1 0.9098875 0.436632 0.0029770000000000074 0.002728000000000008
-1 0.446594 0.43824399999999997 0.009589999999999987 0.007935999999999999
-1 0.912037 0.435392 0.003306000000000031 0.0032240000000000046
-1 0.915013 0.43378 0.0019839999999999858 0.0019839999999999858
-1 0.435681 0.43626 0.00496000000000002 0.007935999999999999
-1 0.4738755 0.4301835 0.01388900000000004 0.014136999999999955
-1 0.540013 0.4274555 0.013228000000000018 0.00917699999999999
-1 0.5362100000000001 0.411582 0.0029759999999999787 0.004711999999999994
-1 0.464947 0.41269849999999997 0.006614000000000009 0.0069450000000000345
-1 0.5424935 0.41121050000000003 0.004960999999999993 0.0069450000000000345
-1 0.578869 0.40897799999999995 0.007606000000000002 0.009919999999999984
-1 0.5365409999999999 0.40550600000000003 0.004298000000000024 0.002976000000000034
-1 0.5415015000000001 0.405134 0.002314999999999956 0.0032240000000000046
-1 0.1286375 0.403894 0.003969 0.002728000000000008
-1 0.281746 0.419147 0.033067999999999986 0.03422599999999998
-1 0.12400800000000001 0.40277799999999997 0.0026459999999999956 0.002976000000000034
-1 0.535053 0.402406 0.0039679999999999715 0.0032240000000000046
-1 0.7084984999999999 0.389261 0.0036370000000000013 0.0032240000000000046
-1 0.71627 0.38888900000000004 0.0039679999999999715 0.003471999999999975
-1 0.506283 0.3650795 0.004630000000000023 0.004465000000000052
-1 0.5125664999999999 0.36433499999999996 0.00330700000000006 0.003471999999999975
-1 0.8098544999999999 0.360243 0.007936999999999972 0.00520799999999999
-1 0.8030755 0.361111 0.008929000000000076 0.008431999999999995
-1 0.6944445 0.34548599999999996 0.005290999999999935 0.003968000000000027
-1 0.6909719999999999 0.342882 0.0049599999999999644 0.003720000000000001
-1 0.6962630000000001 0.338542 0.0049599999999999644 0.0024799999999999822
-1 0.726521 0.3172125 0.008597999999999995 0.008928999999999965
-1 0.5003305 0.3077875 0.00529099999999999 0.006944999999999979
-1 0.450893 0.301587 0.0029759999999999787 0.0024800000000000377
-1 0.4852845 0.29117099999999996 0.004298999999999997 0.0024799999999999822
-1 0.8065475 0.311136 0.060185000000000044 0.05183599999999999
-1 0.807705 0.28732650000000004 0.012235999999999914 0.007689000000000001
