-1 0.795635 0.953125 0.029762000000000066 0.01835399999999998
-1 0.7511574999999999 0.8918649999999999 0.018849000000000005 0.011904000000000026
-1 0.341931 0.8849205 0.014550000000000007 0.021824999999999983
-1 0.3409395 0.8757440000000001 0.001322999999999963 0.0034720000000000306
-1 0.3526785 0.877852 0.0029770000000000074 0.008680000000000021
-1 0.9136905 0.824529 0.0026450000000000085 0.006199999999999983
-1 0.9006285 0.8239084999999999 0.018849000000000005 0.012897000000000047
-1 0.9077385 0.815724 0.003306999999999949 0.0029760000000000897
-1 0.674107 0.7599205 0.010912000000000033 0.024801000000000073
-1 0.671792 0.74504 0.009590000000000098 0.0039679999999999715
-1 0.6820435 0.5739084999999999 0.012897000000000047 0.014384999999999981
-1 0.6653439999999999 0.5638645 0.008597999999999995 0.014633000000000007
-1 0.3381285 0.468874 0.0036370000000000013 0.003720000000000001
-1 0.3315145 0.468626 0.0036370000000000013 0.004711999999999994
-1 0.253803 0.453993 0.0049599999999999644 0.00520799999999999
-1 0.233631 0.4546135 0.013558000000000014 0.015376999999999974
-1 0.4583335 0.4422125 0.007936999999999972 0.011409000000000002
-1 0.2093255 0.42795150000000004 0.007275000000000004 0.00372100000000003
-1 0.2030425 0.420263 0.011904999999999999 0.0047120000000000495
-1 0.23991400000000002 0.4129465 0.029432000000000014 0.04464299999999999
-1 0.6911375 0.39880950000000004 0.04100500000000007 0.038690999999999975
-1 0.24636249999999998 0.3623515 0.015872999999999998 0.019840999999999998
-1 0.2594245 0.358259 0.014218999999999982 0.01810600000000001
