-1 0.356812 0.8988095 0.010582000000000036 0.007936999999999972
-1 0.42873649999999996 0.823909 0.00892900000000002 0.005951999999999957
-1 0.2127975 0.7705855 0.008267000000000024 0.008928999999999965
-1 0.9249339999999999 0.7295385 0.004630000000000023 0.007193000000000005
-1 0.9713955 0.7274305 0.006944999999999979 0.004464999999999941
-1 0.2731485 0.7258184999999999 0.007274999999999976 0.00570499999999996
-1 0.0203375 0.7243305 0.021495 0.017112999999999934
-1 0.8136575 0.597842 0.0062830000000000386 0.006696000000000035
-1 0.8239085 0.596974 0.01025100000000001 0.005951999999999957
-1 0.7189155 0.5891615 0.0072750000000000314 0.009673000000000043
-1 0.7127975 0.5876735 0.006944999999999979 0.008184999999999998
-1 0.422454 0.563864 0.026785999999999976 0.018602000000000007
-1 0.650628 0.5524555 0.009589999999999987 0.006201000000000012
-1 0.304729 0.5570435 0.024802000000000046 0.021329000000000042
-1 0.08085300000000001 0.5372025 0.005622000000000002 0.005457000000000045
-1 0.0499335 0.525298 0.007275000000000004 0.0029759999999999787
-1 0.0661375 0.5265375 0.013888999999999992 0.008928999999999965
-1 0.698909 0.5233135 0.009589999999999987 0.004960999999999993
-1 0.7202385 0.47259399999999996 0.00727499999999992 0.003720000000000001
-1 0.7204035 0.468874 0.005620999999999987 0.0017360000000000153
-1 0.7217264999999999 0.466022 0.0062829999999999275 0.0024800000000000377
-1 0.715443 0.466394 0.005621999999999905 0.0032240000000000046
-1 0.716931 0.46279800000000004 0.005951999999999957 0.0024799999999999822
-1 0.6251655 0.4439485 0.012897000000000047 0.012400999999999995
-1 0.581349 0.4145585 0.012566000000000077 0.007193000000000005
-1 0.5376985 0.387401 0.016534999999999966 0.008927999999999991
-1 0.537202 0.374504 0.02413999999999994 0.00992000000000004
-1 0.6464945 0.36334299999999997 0.005291000000000046 0.004463999999999968
-1 0.676587 0.3062995 0.014549999999999952 0.009425000000000017
-1 0.6803905 0.285342 0.012896999999999936 0.00669599999999998
-1 0.8048945000000001 0.2709575 0.015872999999999915 0.00917699999999999
-1 0.2420635 0.267237 0.006613000000000008 0.0032240000000000046
-1 0.1969245 0.24305549999999998 0.01025100000000001 0.009424999999999989
-1 0.141534 0.20895350000000001 0.008597999999999995 0.012152999999999997
-1 0.21147500000000002 0.202629 0.0036380000000000023 0.0029760000000000064
-1 0.2161045 0.20138899999999998 0.0036370000000000013 0.004959999999999992
-1 0.5727515000000001 0.1927085 0.009259000000000017 0.008432999999999996
-1 0.9136905 0.1907245 0.01719499999999996 0.011409000000000002
-1 0.2827385 0.186012 0.005291000000000046 0.005455999999999989
-1 0.008598 0.18626 0.008598000000000001 0.007440000000000002
-1 0.07986099999999999 0.1659225 0.009590000000000001 0.007440999999999975
-1 0.08134949999999999 0.161582 0.005291000000000004 0.002728000000000008
-1 0.2124665 0.15550599999999998 0.006282999999999983 0.004463999999999996
-1 0.1180555 0.1452135 0.007937 0.008680999999999994
-1 0.969246 0.13107649999999998 0.011904000000000026 0.007192999999999977
-1 0.9414685 0.1143355 0.009259000000000017 0.006944999999999993
-1 0.265046 0.112599 0.005622000000000016 0.007440000000000002
-1 0.375496 0.078249 0.016866000000000048 0.01413600000000001
-1 0.2106485 0.072917 0.0033070000000000044 0.003967999999999999
-1 0.743717 0.0701885 0.009259999999999935 0.006945000000000007
-1 0.2149475 0.067956 0.005291000000000018 0.004463999999999996
-1 0.5267854999999999 0.051339499999999996 0.009259000000000017 0.006945
-1 0.21312799999999998 0.033853999999999995 0.005621999999999988 0.005207999999999997
-1 0.6560845 0.013393 0.007936999999999972 0.005952000000000002
