-1 0.6218585 0.813864 0.01091299999999995 0.010664000000000007
-1 0.738095 0.7889385 0.013227999999999906 0.01041700000000001
-1 0.710152 0.751116 0.015541999999999945 0.009671999999999903
-1 0.72834 0.7121774999999999 0.005622000000000016 0.0037209999999999743
-1 0.727679 0.705605 0.009589999999999987 0.0049599999999999644
-1 0.7065144999999999 0.705481 0.010913000000000062 0.010664000000000007
-1 0.457341 0.6309525 0.01058199999999998 0.007441000000000031
-1 0.5059525 0.6168155 0.014551000000000036 0.0034729999999999484
-1 0.521991 0.6150795 0.005622000000000016 0.006448999999999927
-1 0.5041335 0.5639879999999999 0.014218999999999982 0.007440000000000002
-1 0.45866399999999996 0.562376 0.00925999999999999 0.005703999999999931
-1 0.5808535 0.550719 0.008267000000000024 0.0042159999999999975
-1 0.729993 0.511781 0.011573999999999973 0.006199999999999983
-1 0.743386 0.504712 0.004629999999999912 0.003968000000000083
-1 0.840443 0.488467 0.00694399999999995 0.004711999999999994
-1 0.840443 0.481275 0.0049599999999999644 0.0032240000000000046
-1 0.848214 0.47904250000000004 0.01719599999999999 0.013145000000000018
-1 0.8566469999999999 0.46999 0.00694399999999995 0.005456000000000016
-1 0.511905 0.419891 0.014549999999999952 0.008431999999999995
-1 0.3599535 0.41331850000000003 0.012234999999999996 0.007689000000000001
-1 0.505787 0.4005455 0.019509999999999972 0.012897000000000047
-1 0.3300265 0.391493 0.008596999999999966 0.006200000000000039
-1 0.288029 0.37115549999999997 0.012566000000000022 0.008680999999999994
-1 0.18254 0.3386655 0.008597999999999995 0.006201000000000012
-1 0.918155 0.328621 0.009590000000000098 0.005951999999999957
-1 0.9150134999999999 0.324901 0.005291000000000046 0.0034720000000000306
-1 0.879299 0.3014635 0.01058199999999998 0.008184999999999998
-1 0.30886250000000004 0.107515 0.007274999999999976 0.005704000000000001
-1 0.30274449999999997 0.10429050000000001 0.006282999999999983 0.009177000000000005
-1 0.7620705 0.06436 0.004299000000000053 0.006200000000000004
-1 0.7556215 0.061880000000000004 0.005291000000000046 0.0042160000000000045
-1 0.7174275 0.06064 0.012234999999999996 0.009672000000000007
-1 0.2473545 0.0519595 0.009921000000000013 0.007689000000000001
-1 0.374504 0.047991 0.006283999999999956 0.007688
-1 0.1173945 0.0398065 0.00529099999999999 0.0042169999999999985
-1 0.7723215 0.0379465 0.008928999999999965 0.005953
-1 0.705853 0.013393000000000002 0.009589999999999987 0.004960000000000001
