-1 0.46610450000000003 0.9894594999999999 0.006282999999999983 0.008184999999999998
-1 0.7397484999999999 0.9445684999999999 0.009259000000000017 0.007688999999999946
-1 0.879299 0.9435765 0.012565999999999966 0.011160999999999976
-1 0.803737 0.8663194999999999 0.007606000000000002 0.003969
-1 0.072421 0.7260665 0.008597999999999995 0.005208999999999908
-1 0.15509299999999998 0.6159475 0.010582000000000008 0.004712999999999967
-1 0.188492 0.612599 0.003967999999999999 0.0019839999999999858
-1 0.1506285 0.611111 0.004298999999999997 0.0009919999999999929
-1 0.9151785 0.6139635 0.014218999999999982 0.011160999999999976
-1 0.048115 0.6154515 0.009590000000000001 0.014633000000000007
-1 0.7926584999999999 0.611235 0.015872999999999915 0.006696000000000035
-1 0.0386905 0.6171875 0.029761 0.021080999999999905
-1 0.1926255 0.6104909999999999 0.017527000000000015 0.011656
-1 0.797123 0.6066469999999999 0.006283999999999956 0.005456000000000016
-1 0.7878635 0.605903 0.0062829999999999275 0.0039679999999999715
-1 0.2420635 0.604539 0.0013229999999999908 0.0022320000000000118
-1 0.2314815 0.606151 0.003969 0.005455999999999905
-1 0.2375995 0.6034225 0.004298999999999997 0.003969
-1 0.23544949999999998 0.600074 0.007275000000000004 0.0027280000000000637
-1 0.707176 0.59623 0.012236000000000025 0.008927999999999936
-1 0.9900795 0.530878 0.017857000000000012 0.013639999999999985
-1 0.1337635 0.4955355 0.004298999999999997 0.008432999999999968
-1 0.1304565 0.4921875 0.0036370000000000013 0.0032250000000000334
-1 0.756448 0.486855 0.0009919999999999929 0.0019839999999999858
-1 0.7602515000000001 0.4885915 0.009259000000000017 0.01041700000000001
-1 0.204696 0.483011 0.007935999999999999 0.0042159999999999975
-1 0.7605820000000001 0.4625495 0.008597999999999995 0.007441000000000031
-1 0.8406085 0.437624 0.001322999999999963 0.003720000000000001
-1 0.8500335 0.437748 0.014880999999999922 0.009424000000000043
-1 0.590278 0.4327875 0.015212000000000003 0.011409000000000002
-1 0.20932499999999998 0.3996775 0.010582000000000008 0.00372100000000003
-1 0.1425265 0.4035215 0.019840999999999998 0.013393000000000044
-1 0.6431880000000001 0.37859600000000004 0.006614000000000009 0.004711999999999994
-1 0.5891204999999999 0.37686 0.005620999999999987 0.007687999999999973
-1 0.656085 0.36495500000000003 0.0039679999999999715 0.002728000000000008
-1 0.649967 0.3683035 0.02083400000000002 0.011904999999999999
-1 0.3318455 0.341518 0.008267000000000024 0.005952000000000013
-1 0.6671625 0.32564499999999996 0.0062830000000000386 0.003471999999999975
-1 0.0378635 0.33345749999999996 0.027447 0.019096999999999975
-1 0.0122355 0.2250745 0.003307000000000001 0.0032250000000000056
-1 0.002976 0.21800599999999998 0.00463 0.004463999999999996
-1 0.4492395 0.199901 0.006282999999999983 0.004463999999999996
-1 0.3630955 0.13529249999999998 0.009921000000000013 0.010665000000000008
-1 0.569114 0.10280249999999999 0.007935999999999943 0.008681000000000008
-1 0.3386245 0.023189500000000002 0.007936999999999972 0.009672999999999998
