-1 0.299438 0.8337055 0.013558000000000014 0.010664999999999925
-1 0.507606 0.582589 0.0039679999999999715 0.0024800000000000377
-1 0.458168 0.5729165 0.006284000000000012 0.006449000000000038
-1 0.422123 0.564608 0.014219999999999955 0.009176000000000073
-1 0.6159060000000001 0.546627 0.0049599999999999644 0.0034720000000000306
-1 0.42724850000000003 0.545015 0.00529099999999999 0.006199999999999983
-1 0.562004 0.5238095 0.0049599999999999644 0.0029770000000000074
-1 0.5805225 0.4926835 0.007604999999999973 0.004217000000000026
-1 0.14384950000000002 0.4902035 0.015872999999999998 0.01066499999999998
-1 0.5028105 0.4598215 0.004298999999999942 0.002481000000000011
