-1 0.21378950000000002 0.940848 0.008266999999999997 0.0027280000000000637
-1 0.2137895 0.93564 0.01025100000000001 0.0047120000000000495
-1 0.36491399999999996 0.6827875 0.010911999999999977 0.008432999999999913
-1 0.38227500000000003 0.6752229999999999 0.005952000000000013 0.0032240000000000046
-1 0.593254 0.625868 0.00330599999999992 0.0027280000000000637
-1 0.5859785 0.627108 0.009259000000000017 0.005703999999999931
-1 0.481647 0.5845735 0.009589999999999987 0.006944999999999979
-1 0.294643 0.5817215 0.008597999999999995 0.00917699999999999
-1 0.5208335 0.5518350000000001 0.005291000000000046 0.0029759999999999787
-1 0.521825 0.548735 0.0019839999999999858 0.0012400000000000189
-1 0.5208335 0.546255 0.0013230000000000741 0.0022320000000000118
-1 0.5165344999999999 0.548239 0.003969 0.006696000000000035
-1 0.6631940000000001 0.5102925 0.009590000000000098 0.006697000000000064
-1 0.443948 0.4330355 0.018187999999999982 0.014384999999999981
-1 0.27414 0.388145 0.005951999999999957 0.005456000000000016
-1 0.2771165 0.386037 0.007936999999999972 0.00520799999999999
-1 0.9323745 0.3684275 0.008267000000000024 0.00372100000000003
-1 0.9302250000000001 0.3661955 0.007936000000000054 0.004712999999999967
-1 0.008929 0.325521 0.010582 0.007688000000000028
