-1 0.922123 0.8846725 0.0016540000000000443 0.004465000000000052
-1 0.916501 0.8830605 0.0029760000000000897 0.005209000000000019
-1 0.198082 0.6867559999999999 0.007935999999999999 0.00694399999999995
-1 0.3753305 0.593254 0.013226999999999989 0.006447999999999898
-1 0.3642525 0.578249 0.005620999999999987 0.005703999999999931
-1 0.2637235 0.43601199999999996 0.008928999999999965 0.006944000000000006
-1 0.508267 0.4324155 0.018518000000000034 0.011657000000000028
-1 0.515377 0.424851 0.0049599999999999644 0.0019840000000000413
-1 0.5916005 0.4120785 0.017857000000000012 0.013145000000000018
-1 0.8128305 0.366939 0.001322999999999963 0.00024799999999997047
-1 0.8154760000000001 0.365203 0.002646000000000037 0.0022320000000000118
-1 0.8095235000000001 0.3650795 0.005291000000000046 0.004960999999999993
-1 0.7210645 0.33172100000000004 0.0062830000000000386 0.005703999999999987
-1 0.7628969999999999 0.309524 0.008597999999999995 0.007440000000000002
-1 0.2620705 0.168651 0.006282999999999983 0.0029760000000000064
-1 0.140212 0.12996049999999998 0.008597999999999995 0.00644900000000001
-1 0.0570435 0.0999505 0.005620999999999994 0.007937
-1 0.0588625 0.09598200000000001 0.003969 0.0054560000000000025
-1 0.6608795000000001 0.0890375 0.014219000000000093 0.011904999999999999
-1 0.3328375 0.074405 0.0023150000000000115 0.0029760000000000064
-1 0.3282075 0.076141 0.004298999999999997 0.007935999999999999
-1 0.813161 0.0744045 0.012565999999999966 0.008928999999999992
-1 0.659226 0.06907250000000001 0.009589999999999987 0.005705000000000002
-1 0.234788 0.051339 0.003967999999999999 0.003967999999999999
-1 0.22503299999999998 0.047123 0.0036380000000000023 0.003967999999999999
-1 0.199074 0.027777999999999997 0.004630000000000023 0.005455999999999999
