-1 0.7042 0.9778025 0.007606000000000002 0.0032250000000000334
-1 0.7255294999999999 0.9756945 0.005291000000000046 0.008928999999999965
-1 0.704861 0.9663935 0.026785999999999976 0.013144999999999962
-1 0.06498 0.9203870000000001 0.015541999999999993 0.02529799999999993
-1 0.501984 0.5724205 0.02050200000000002 0.025792999999999955
-1 0.5203375 0.574405 0.040013000000000076 0.03422599999999998
-1 0.5076055 0.5235615 0.017857000000000067 0.012400999999999995
-1 0.242725 0.3213045 0.027115999999999973 0.023561
-1 0.5160385 0.13740049999999998 0.01025100000000001 0.009920999999999985
-1 0.099372 0.0998265 0.026786000000000004 0.010665000000000008
