0 0.6666665 0.9872270000000001 0.004628999999999994 0.005704000000000042
0 0.6494705000000001 0.9794149999999999 0.00330700000000006 0.0014880000000000448
0 0.6498014999999999 0.9770585 0.00330700000000006 0.0037209999999999743
0 0.6516204999999999 0.9764385 0.004298999999999942 0.004464999999999941
0 0.657242 0.9765625 0.005622000000000016 0.008185000000000109
0 0.5638225 0.9758185 0.015873000000000026 0.009673000000000043
0 0.682209 0.9702379999999999 0.013228000000000018 0.008927999999999936
0 0.561012 0.9621775 0.030092000000000008 0.02554499999999993
0 0.5262895 0.7576885 0.008267000000000024 0.01091299999999995
0 0.5173615 0.7569445 0.008267000000000024 0.013392999999999988
0 0.5186835000000001 0.672371 0.012897000000000047 0.010416000000000092
0 0.521991 0.6450895000000001 0.007606000000000002 0.007936999999999972
0 0.458168 0.6021825 0.002976000000000034 0.004960999999999993
0 0.45849850000000003 0.596106 0.004298999999999997 0.0042159999999999975
0 0.5127315 0.580481 0.004960999999999993 0.0047120000000000495
0 0.6279764999999999 0.531994 0.01388899999999993 0.012399999999999967
0 0.513889 0.5043405000000001 0.016533999999999938 0.008184999999999998
0 0.5079365 0.498016 0.004628999999999994 0.0044640000000000235
0 0.5185185 0.496404 0.004628999999999994 0.0042159999999999975
0 0.537037 0.49628 0.005951999999999957 0.005456000000000016
0 0.534061 0.49392349999999996 0.004629999999999912 0.004216999999999971
0 0.8339945 0.4955355 0.015873000000000026 0.007937000000000027
0 0.5178575000000001 0.49280749999999995 0.005291000000000046 0.003473000000000004
0 0.40625 0.47929049999999995 0.008268000000000053 0.0066970000000000085
0 0.428406 0.47259399999999996 0.009589999999999987 0.00669599999999998
0 0.2108135 0.468006 0.005621000000000015 0.006448000000000009
0 0.4406415 0.463542 0.008266999999999969 0.0044640000000000235
0 0.4467595 0.4583335 0.007274999999999976 0.005952999999999986
0 0.8420965 0.454241 0.012234999999999996 0.01016800000000001
0 0.6205355 0.4458085 0.002315000000000067 0.00570499999999996
0 0.6304559999999999 0.4454365 0.0029759999999999787 0.005952999999999986
0 0.6258269999999999 0.4460565 0.0029759999999999787 0.007193000000000005
0 0.08664 0.44245999999999996 0.004630000000000009 0.004463999999999968
0 0.0767195 0.42683550000000003 0.011904999999999999 0.007937000000000027
0 0.424107 0.419891 0.01422000000000001 0.009423999999999988
0 0.5820105 0.279514 0.015210999999999975 0.008431999999999995
0 0.5107475 0.2755455 0.01025100000000001 0.005457000000000045
0 0.587467 0.272197 0.0023140000000000382 0.0017360000000000153
0 0.4918985 0.27058550000000003 0.03406099999999995 0.020336999999999994
0 0.4295635 0.2284225 0.015873000000000026 0.00892900000000002
0 0.4242725 0.2239585 0.011243000000000003 0.007937
0 0.8090280000000001 0.027158 0.00694399999999995 0.005703999999999997
