-1 0.1671625 0.94184 0.006283000000000011 0.006696000000000035
-1 0.8126655 0.93316 0.008267000000000024 0.006696000000000035
-1 0.8161375 0.9294395 0.005291000000000046 0.0032250000000000334
-1 0.1989085 0.8680555000000001 0.014881000000000005 0.007936999999999972
-1 0.6458335 0.8661955 0.011904999999999943 0.007193000000000005
-1 0.2017195 0.8603670000000001 0.015211000000000002 0.007440000000000002
-1 0.2921625 0.8194445 0.01025100000000001 0.004960999999999993
-1 0.0674605 0.8065475 0.015873000000000005 0.007936999999999972
-1 0.29613100000000003 0.8017110000000001 0.00496000000000002 0.005704000000000042
-1 0.30539 0.798859 0.0049599999999999644 0.008431999999999995
-1 0.068287 0.794643 0.008927999999999991 0.007935999999999943
-1 0.224537 0.722718 0.019180000000000003 0.005456000000000016
-1 0.2637235 0.714038 0.0062830000000000386 0.0049599999999999644
-1 0.017195500000000002 0.670883 0.009259 0.005951999999999957
-1 0.5935845 0.6299605 0.011904999999999943 0.008928999999999965
-1 0.5958995 0.612227 0.005952999999999986 0.0042159999999999975
-1 0.9401455000000001 0.610119 0.005291000000000046 0.0044640000000000235
-1 0.9465939999999999 0.606399 0.0049599999999999644 0.0044640000000000235
-1 0.907242 0.6171875 0.077712 0.035466999999999915
-1 0.8637565 0.5875495 0.027116999999999947 0.015377000000000085
-1 0.8093585 0.5060765 0.0062830000000000386 0.004713000000000078
-1 0.8141529999999999 0.501984 0.008597999999999995 0.00496000000000002
-1 0.2425595 0.49863599999999997 0.004298999999999997 0.002728000000000008
-1 0.24173299999999998 0.488095 0.004629999999999995 0.0034720000000000306
-1 0.23429250000000001 0.487227 0.004299000000000025 0.0032240000000000046
-1 0.136078 0.482763 0.008927999999999991 0.006199999999999983
-1 0.2617395 0.4807785 0.022816999999999976 0.01909700000000003
-1 0.2767855 0.47581799999999996 0.03240700000000002 0.03100200000000003
-1 0.44957 0.457341 0.018188000000000037 0.005951999999999957
-1 0.7498345 0.450645 0.027447 0.008431999999999995
-1 0.5833335 0.4451885 0.015872999999999915 0.01041700000000001
-1 0.4527115 0.4296875 0.0072750000000000314 0.008184999999999998
-1 0.1656745 0.423735 0.009921000000000013 0.003223999999999949
-1 0.926091 0.3995535 0.005622000000000016 0.00545699999999999
-1 0.9499005 0.39347750000000004 0.010913000000000062 0.018601000000000034
-1 0.7574405 0.35305050000000004 0.014881000000000033 0.005705000000000016
-1 0.002976 0.3524305 0.005952 0.007937000000000027
-1 0.904431 0.327133 0.014550000000000063 0.011407999999999974
-1 0.835483 0.17385899999999999 0.007606000000000002 0.007936000000000026
-1 0.85582 0.16059 0.009260000000000046 0.003720000000000001
-1 0.8498680000000001 0.15662199999999998 0.004630000000000023 0.005704000000000015
-1 0.198413 0.14806550000000002 0.014550000000000007 0.009920999999999985
-1 0.48644149999999997 0.1292165 0.020502999999999993 0.016368999999999995
-1 0.5882935 0.014013000000000001 0.022487000000000035 0.024554
-1 0.596561 0.0031 0.009919999999999929 0.0062
