-1 0.456349 0.6173115 0.008597999999999995 0.006944999999999979
-1 0.443287 0.5597719999999999 0.006944000000000006 0.0049599999999999644
-1 0.6671625 0.4609375 0.006944999999999979 0.004712999999999967
-1 0.7465275 0.4587055 0.008928999999999965 0.005209000000000019
-1 0.6653435000000001 0.457589 0.005291000000000046 0.004463999999999968
-1 0.5815145 0.452877 0.004960999999999993 0.003471999999999975
-1 0.6299604999999999 0.437376 0.005291000000000046 0.0032240000000000046
-1 0.6276455000000001 0.435516 0.005291000000000046 0.006448000000000009
-1 0.44080699999999995 0.434276 0.007935999999999999 0.005456000000000016
-1 0.6665015 0.426959 0.0062830000000000386 0.004711999999999994
-1 0.2382605 0.3673115 0.008928999999999992 0.00545699999999999
-1 0.1650135 0.33841750000000004 0.00529099999999999 0.005705000000000016
-1 0.2987765 0.1010665 0.004299000000000053 0.0032250000000000056
-1 0.8852515 0.097966 0.0026450000000000085 0.0029760000000000064
-1 0.8774805 0.098462 0.0062830000000000386 0.003967999999999999
-1 0.8802909999999999 0.095734 0.004630000000000023 0.004463999999999996
-1 0.27149500000000004 0.09065000000000001 0.003968000000000027 0.0027279999999999943
