-1 0.085152 0.9375 0.010911999999999991 0.006944000000000061
-1 0.20667999999999997 0.8785965 0.011903999999999998 0.00917699999999999
-1 0.4955355 0.8675595 0.01884899999999995 0.01736100000000007
-1 0.6433530000000001 0.8056795 0.008927999999999936 0.007689000000000057
-1 0.6436839999999999 0.800471 0.0016539999999999333 0.0022320000000000118
-1 0.644676 0.7974950000000001 0.0016540000000000443 0.0017360000000000708
-1 0.6410385000000001 0.7853425 0.02083299999999999 0.013145000000000073
-1 0.695767 0.733507 0.004630000000000023 0.005703999999999931
-1 0.691468 0.7261905 0.01058199999999998 0.006449000000000038
-1 0.6888225 0.7216020000000001 0.005290999999999935 0.0047119999999999385
-1 0.6848544999999999 0.720858 0.00330700000000006 0.006199999999999983
-1 0.6455029999999999 0.71503 0.001984000000000097 0.005456000000000016
-1 0.6559195 0.7115575000000001 0.01025100000000001 0.01736100000000007
-1 0.6999005 0.7001485 0.025463000000000013 0.017857000000000012
-1 0.572751 0.6969245 0.008597999999999995 0.0133930000000001
-1 0.664848 0.689236 0.008928000000000047 0.009423999999999988
-1 0.18435849999999998 0.6881204999999999 0.023479 0.014633000000000007
-1 0.090443 0.6794395 0.005622000000000002 0.004712999999999967
-1 0.6574075 0.6777029999999999 0.0026450000000000085 0.0027279999999999527
-1 0.6666665 0.6785715 0.005291000000000046 0.004960999999999993
-1 0.668155 0.675099 0.0029759999999999787 0.0039679999999999715
-1 0.1808865 0.671627 0.011904999999999999 0.011904000000000026
-1 0.19444450000000002 0.6669145000000001 0.009920999999999985 0.005952999999999986
-1 0.6598875 0.6672865 0.005620999999999987 0.01264899999999991
-1 0.5081019999999999 0.5829610000000001 0.020833999999999964 0.03199399999999997
-1 0.62037 0.5549355 0.01719599999999999 0.012649000000000021
-1 0.6484785 0.5246775 0.01388899999999993 0.007193000000000005
-1 0.640542 0.5224455 0.003968000000000083 0.004216999999999915
-1 0.5099205 0.49876 0.003306999999999949 0.002976000000000034
-1 0.4396495 0.514013 0.031415000000000026 0.03497
-1 0.45138900000000004 0.49751999999999996 0.0026459999999999817 0.003471999999999975
-1 0.2594245 0.49429599999999996 0.0016530000000000156 0.003471999999999975
-1 0.25512599999999996 0.4919395 0.002976000000000034 0.002232999999999985
-1 0.24289 0.4787945 0.009589999999999987 0.004713000000000023
-1 0.37896850000000004 0.4437005 0.031084999999999974 0.017857000000000012
