-1 0.647983 0.904638 0.007606000000000002 0.010168000000000066
-1 0.0590275 0.8932295 0.014880999999999998 0.01909699999999992
-1 0.013061999999999999 0.874752 0.020172 0.011904000000000026
-1 0.008432499999999999 0.8688 0.004298999999999999 0.0019839999999999858
-1 0.1656745 0.8669395 0.023808999999999997 0.015128999999999948
-1 0.403274 0.8288690000000001 0.008927999999999991 0.007936000000000054
-1 0.41335999999999995 0.8253969999999999 0.007935999999999999 0.007440000000000002
-1 0.3338295 0.7154020000000001 0.0062830000000000386 0.00520799999999999
-1 0.9031085 0.5412945 0.005290999999999935 0.005209000000000019
-1 0.9165015000000001 0.5404264999999999 0.0016530000000000156 0.004465000000000052
-1 0.912864 0.5401785 0.00363800000000003 0.005953000000000097
-1 0.9050925000000001 0.5390625 0.007936999999999972 0.008185000000000109
-1 0.9093915 0.53621 0.003306999999999949 0.0039679999999999715
-1 0.8445765000000001 0.5251735 0.005291000000000046 0.004217000000000026
-1 0.9652780000000001 0.47222200000000003 0.004630000000000023 0.003968000000000027
-1 0.957837 0.47259399999999996 0.009590000000000098 0.00669599999999998
-1 0.954365 0.468254 0.0039679999999999715 0.0014880000000000448
-1 0.9649475000000001 0.46800600000000003 0.0072750000000000314 0.004463999999999968
-1 0.967923 0.466766 0.005951999999999957 0.005456000000000016
-1 0.9576720000000001 0.46565 0.008597999999999995 0.0042159999999999975
-1 0.8007605 0.4451885 0.004960999999999993 0.003473000000000004
-1 0.908565 0.42646300000000004 0.005622000000000016 0.003720000000000001
-1 0.9098875 0.420015 0.012234999999999996 0.009671999999999958
-1 0.44857800000000003 0.40352200000000005 0.008927999999999991 0.006944000000000006
-1 0.44179900000000005 0.3973215 0.007276000000000005 0.006449000000000038
-1 0.440642 0.33320950000000005 0.020172000000000023 0.015129000000000004
-1 0.9032735000000001 0.323537 0.004298999999999942 0.0042159999999999975
-1 0.458499 0.3129965 0.013558000000000014 0.015376999999999974
-1 0.9887565 0.295387 0.005952999999999986 0.0039679999999999715
-1 0.1853505 0.268105 0.005620999999999987 0.005456000000000016
-1 0.362434 0.265005 0.006614000000000009 0.0022320000000000118
-1 0.3647485 0.262029 0.004628999999999994 0.0022320000000000118
-1 0.195271 0.264633 0.008927999999999991 0.008431999999999995
-1 0.3607805 0.26066500000000004 0.004628999999999994 0.003471999999999975
-1 0.583168 0.2562005 0.006283999999999956 0.003969
-1 0.5770504999999999 0.250992 0.0072750000000000314 0.01339199999999996
-1 0.484127 0.18874 0.003968000000000027 0.006944000000000006
-1 0.6646825000000001 0.060144 0.005291000000000046 0.003719999999999994
-1 0.66584 0.055307499999999996 0.005622000000000016 0.004465000000000004
-1 0.6651785 0.021700999999999998 0.0029770000000000074 0.002727999999999998
-1 0.766204 0.0223215 0.006613999999999898 0.004961
-1 0.6757605 0.018601 0.005620999999999987 0.004463999999999999
-1 0.662533 0.015253 0.01422000000000001 0.005703999999999999
