-1 0.910218 0.983135 0.020171999999999968 0.020337999999999967
-1 0.087467 0.974082 0.007606000000000002 0.0037199999999999456
-1 0.079696 0.971354 0.004629999999999995 0.0037200000000000566
-1 0.0871365 0.96689 0.010912999999999992 0.007191999999999976
-1 0.39649449999999997 0.9246030000000001 0.013888999999999985 0.008927999999999936
-1 0.393188 0.8346975000000001 0.011243999999999976 0.006201000000000012
-1 0.3940145 0.8209325 0.005620999999999987 0.004960999999999993
-1 0.571098 0.812748 0.011244000000000032 0.008431999999999995
-1 0.6332675000000001 0.6361605 0.0072750000000000314 0.009921000000000069
-1 0.334325 0.6309525 0.01918000000000003 0.01091299999999995
-1 0.8564814999999999 0.5234375 0.003969 0.0037210000000000854
-1 0.8530095 0.519593 0.0062830000000000386 0.0034720000000000306
-1 0.208003 0.46751 0.008597999999999995 0.010416000000000036
-1 0.277447 0.4432045 0.011904000000000026 0.005952999999999986
-1 0.74041 0.42894350000000003 0.005951999999999957 0.004713000000000023
-1 0.7094905 0.3846725 0.018849000000000005 0.012401000000000051
-1 0.041832 0.346974 0.012896000000000005 0.005951999999999957
-1 0.8257275 0.3484625 0.008597000000000077 0.01041700000000001
-1 0.44213 0.3364335 0.006614000000000009 0.007193000000000005
-1 0.646164 0.3353175 0.00992000000000004 0.008433000000000024
-1 0.45469550000000003 0.333209 0.00529099999999999 0.004711999999999994
-1 0.6387235 0.3325895 0.012234999999999996 0.00892900000000002
-1 0.6588955 0.324281 0.01025100000000001 0.007191999999999976
-1 0.6541005 0.31969250000000005 0.00661299999999998 0.00545699999999999
-1 0.661872 0.31200399999999995 0.011573999999999973 0.006944000000000006
-1 0.6772484999999999 0.299727 0.005291000000000046 0.00520799999999999
-1 0.438161 0.2917905 0.010582000000000036 0.006201000000000012
-1 0.6309525 0.262525 0.005952999999999986 0.00520799999999999
-1 0.7159395 0.2292905 0.011904999999999943 0.009673000000000015
-1 0.6329365 0.22519850000000002 0.005952999999999986 0.008432999999999996
-1 0.638889 0.22284199999999998 0.0039679999999999715 0.005208000000000018
-1 0.809524 0.16604649999999999 0.018518000000000034 0.016121000000000024
-1 0.761905 0.15315 0.005952000000000068 0.005704000000000015
-1 0.2536375 0.136285 0.005952999999999986 0.005208000000000018
-1 0.21246700000000002 0.128224 0.004959999999999992 0.0029760000000000064
-1 0.2414025 0.12698399999999999 0.0033070000000000044 0.00248000000000001
-1 0.19146849999999999 0.123512 0.007275000000000004 0.004463999999999996
-1 0.279266 0.1170635 0.005622000000000016 0.004464999999999997
-1 0.8386245 0.1148315 0.00727499999999992 0.008432999999999996
-1 0.994378 0.113591 0.004630000000000023 0.006447999999999995
-1 0.1193785 0.0979665 0.00529099999999999 0.008432999999999996
-1 0.12251999999999999 0.090402 0.006943999999999992 0.007688
-1 0.882606 0.0866815 0.005951999999999957 0.003721000000000002
-1 0.785218 0.068328 0.005622000000000016 0.0032240000000000046
-1 0.8525135 0.0668405 0.01388900000000004 0.010665000000000001
-1 0.271164 0.0565475 0.006614000000000009 0.003969
-1 0.046958 0.0373265 0.003967999999999999 0.005705000000000002
-1 0.0109125 0.030134 0.007275 0.007688
-1 0.20138899999999998 0.024801499999999997 0.009260000000000018 0.005457
-1 0.769676 0.0239335 0.009589999999999987 0.007192999999999998
-1 0.33912050000000005 0.016741 0.004298999999999997 0.004711999999999999
