-1 0.6765875 0.8356895 0.007937000000000083 0.01215299999999997
-1 0.5631615 0.8029515 0.009921000000000069 0.00570499999999996
-1 0.90625 0.1160715 0.005622000000000016 0.00347299999999999
-1 0.9075725 0.114831 0.0062830000000000386 0.0029760000000000064
-1 0.926918 0.104787 0.005951999999999957 0.003720000000000001
-1 0.9219575 0.1014385 0.005290999999999935 0.00545699999999999
-1 0.928075 0.097594 0.0029759999999999787 0.0017359999999999876
-1 0.9295635 0.09461800000000001 0.003969 0.0032239999999999908
-1 0.09689149999999999 0.09313 0.0033069999999999905 0.003720000000000001
-1 0.9376655 0.0874255 0.008267000000000024 0.007193000000000005
-1 0.5046295000000001 0.078621 0.005291000000000046 0.0054560000000000025
-1 0.9902445 0.015253 0.0036370000000000013 0.005703999999999999
