0 0.20469549999999997 0.9575895 0.015872999999999998 0.009921000000000069
0 0.6916335 0.7591765 0.005620999999999987 0.015873000000000026
0 0.6984125 0.7437995 0.005290999999999935 0.004961000000000104
0 0.294312 0.7441715 0.011243999999999976 0.008184999999999998
0 0.297619 0.7402029999999999 0.008597999999999995 0.0027279999999999527
0 0.705192 0.7466515 0.015542000000000056 0.01860099999999998
0 0.29613100000000003 0.738343 0.008267999999999998 0.0044640000000000235
0 0.6889879999999999 0.749504 0.018849999999999922 0.027281999999999917
0 0.2891865 0.735491 0.007604999999999973 0.0042159999999999975
0 0.550099 0.71689 0.0142199999999999 0.009672000000000014
0 0.33399449999999997 0.639261 0.009921000000000013 0.008183999999999969
0 0.4328705 0.5479909999999999 0.02380899999999997 0.019594
0 0.6767525000000001 0.5329865 0.02083299999999999 0.015873000000000026
0 0.10995350000000001 0.5305059999999999 0.012897000000000006 0.011904000000000026
0 0.8978175 0.516121 0.012566999999999995 0.013888000000000011
0 0.4479165 0.4904515 0.01025100000000001 0.008184999999999998
0 0.4350195 0.48722699999999997 0.008267000000000024 0.00669599999999998
0 0.363591 0.480283 0.0029759999999999787 0.004711999999999994
0 0.2936505 0.486607 0.035053 0.03422599999999992
0 0.356812 0.4744545 0.015212000000000003 0.014384999999999981
0 0.39269200000000004 0.46800600000000003 0.0036379999999999746 0.010911999999999977
0 0.397156 0.46800600000000003 0.002646000000000037 0.01140800000000003
0 0.4006285 0.467262 0.0036370000000000013 0.011407999999999974
0 0.249504 0.453125 0.0016540000000000166 0.0029759999999999787
0 0.2442125 0.453125 0.004298999999999997 0.006448000000000009
0 0.3915345 0.451017 0.00529099999999999 0.0047120000000000495
0 0.39864449999999996 0.450893 0.004298999999999997 0.005456000000000016
0 0.39236099999999996 0.4432045 0.010251999999999983 0.006944999999999979
0 0.3118385 0.401538 0.004628999999999994 0.0049599999999999644
0 0.3174605 0.4002975 0.004628999999999994 0.005953000000000042
0 0.7488425 0.39707349999999997 0.016202999999999967 0.009424999999999961
0 0.6197090000000001 0.38355649999999997 0.007936000000000054 0.0066970000000000085
0 0.6011905 0.37636400000000003 0.0026450000000000085 0.002728000000000008
0 0.526786 0.375868 0.0039679999999999715 0.0042159999999999975
0 0.829365 0.36966750000000004 0.029762000000000066 0.02058500000000002
0 0.5590275 0.3510665 0.0062830000000000386 0.007193000000000005
0 0.2705025 0.340154 0.007274999999999976 0.007191999999999976
0 0.8511905 0.34623000000000004 0.03439099999999995 0.028770000000000018
0 0.8445769999999999 0.3340775 0.012565999999999966 0.0069450000000000345
0 0.70205 0.314112 0.0019839999999999858 0.0022320000000000118
0 0.6974210000000001 0.313492 0.003968000000000083 0.0039679999999999715
