0 0.7729825 0.9517610000000001 0.008267000000000024 0.00520799999999999
0 0.018188 0.8984375 0.020502 0.010169000000000095
0 0.01918 0.890129 0.016534 0.008431999999999995
0 0.8273809999999999 0.857143 0.006614000000000009 0.0039679999999999715
0 0.9790015 0.8523065000000001 0.008267000000000024 0.010168999999999984
0 0.9751985000000001 0.840402 0.009259000000000017 0.008183999999999969
0 0.3144845 0.7905504999999999 0.0072750000000000314 0.00570499999999996
0 0.326554 0.7884424999999999 0.00496000000000002 0.004465000000000052
0 0.80291 0.701141 0.003306000000000031 0.0044640000000000235
0 0.0887895 0.6940725 0.0036369999999999875 0.005705000000000071
0 0.7881944999999999 0.6888639999999999 0.0036370000000000013 0.0012400000000000189
0 0.09275800000000001 0.6903520000000001 0.005622000000000002 0.0047119999999999385
0 0.422454 0.687252 0.009589999999999987 0.012399999999999967
0 0.413525 0.683656 0.007606000000000002 0.005704000000000042
0 0.2528105 0.6822915 0.006283000000000011 0.00744099999999992
0 0.07936499999999999 0.655754 0.004630000000000009 0.0029759999999999787
0 0.664517 0.6457094999999999 0.022818000000000005 0.015129000000000059
0 0.02629 0.6326885 0.013558 0.011409000000000002
0 0.4737105 0.623388 0.0036370000000000013 0.0022319999999999007
0 0.341931 0.624008 0.003968000000000027 0.0044640000000000235
0 0.8202715 0.626736 0.01025100000000001 0.010911999999999922
0 0.3310185 0.6194200000000001 0.0033070000000000044 0.0027279999999999527
0 0.14318750000000002 0.6181795 0.007275000000000004 0.004216999999999915
0 0.1092925 0.6184274999999999 0.01025100000000001 0.006201000000000012
0 0.11755950000000001 0.6158235 0.006282999999999997 0.0029770000000000074
0 0.11160700000000001 0.613715 0.005622000000000002 0.0017359999999999598
0 0.340774 0.609747 0.0036379999999999746 0.0037200000000000566
0 0.5963955000000001 0.5682045 0.010913000000000062 0.009425000000000017
0 0.5886245 0.563492 0.011905000000000054 0.008928000000000047
0 0.6132605 0.5575395 0.012896999999999936 0.008928999999999965
0 0.609127 0.551215 0.007275999999999949 0.00520799999999999
0 0.6200395000000001 0.5432790000000001 0.013226999999999989 0.00818400000000008
0 0.6162369999999999 0.5306299999999999 0.0049599999999999644 0.0032240000000000046
0 0.366402 0.529514 0.0019839999999999858 0.0034720000000000306
0 0.36359149999999996 0.527034 0.0023150000000000115 0.005951999999999957
0 0.37830699999999995 0.526538 0.007935999999999999 0.005456000000000016
0 0.629299 0.4936755 0.008597999999999995 0.006201000000000012
0 0.625 0.489831 0.0013220000000000454 0.0019839999999999858
0 0.62748 0.48908700000000005 0.0009919999999999929 0.0014879999999999893
0 0.39368349999999996 0.47792650000000003 0.0023150000000000115 0.003473000000000004
0 0.386243 0.4795385 0.008597999999999995 0.007193000000000005
0 0.63922 0.454365 0.0019839999999999858 0.0024799999999999822
0 0.646495 0.454365 0.0019839999999999858 0.003968000000000027
0 0.6435185 0.454241 0.0026450000000000085 0.006199999999999983
0 0.647156 0.451141 0.0019839999999999858 0.003471999999999975
0 0.6377315 0.450521 0.002315000000000067 0.0032240000000000046
0 0.8368055 0.4093505 0.014218999999999982 0.013641000000000014
0 0.8999665 0.3861605 0.0062830000000000386 0.0069450000000000345
0 0.8525134999999999 0.294271 0.009920999999999958 0.005704000000000042
0 0.8969905 0.2924105 0.01091299999999995 0.01041700000000001
0 0.6555884999999999 0.212798 0.0036370000000000013 0.003472000000000003
0 0.650628 0.2125495 0.005622000000000016 0.003473000000000004
0 0.5882935 0.078621 0.003306999999999949 0.004960000000000006
0 0.5843255 0.07725699999999999 0.00330700000000006 0.004712000000000008
0 0.5479499999999999 0.048859 0.004630000000000023 0.004463999999999996
0 0.551257 0.042287000000000005 0.0019839999999999858 0.0027280000000000013
0 0.4469245 0.044767 0.006944999999999979 0.007688
0 0.5469575 0.042783 0.003306999999999949 0.0042159999999999975
0 0.6112765 0.031993999999999995 0.005621000000000098 0.006943999999999999
0 0.561343 0.0094245 0.011573999999999973 0.007937
