-1 0.3354825 0.954613 0.012896999999999992 0.008431999999999995
-1 0.48594550000000003 0.889757 0.012896999999999992 0.008680000000000021
-1 0.8166335 0.6660470000000001 0.005620999999999987 0.0037200000000000566
-1 0.7620705 0.6672865 0.012896999999999936 0.010664999999999925
-1 0.643188 0.661334 0.005951999999999957 0.0037199999999999456
-1 0.773148 0.65935 0.006614000000000009 0.007687999999999917
-1 0.8032410000000001 0.6489335 0.01058199999999998 0.007688999999999946
-1 0.244709 0.605407 0.007935999999999999 0.005951999999999957
-1 0.5261245 0.592014 0.003306999999999949 0.0044640000000000235
-1 0.5008265 0.5908975000000001 0.01223499999999994 0.010665000000000036
-1 0.245701 0.579489 0.007935999999999999 0.006199999999999983
-1 0.0638225 0.45386899999999997 0.007937000000000007 0.005952000000000013
-1 0.6673279999999999 0.437004 0.007936000000000054 0.005951999999999957
-1 0.32258600000000004 0.4005455 0.008927999999999991 0.006449000000000038
-1 0.5555555 0.3714035 0.015873000000000026 0.014136999999999955
-1 0.26355850000000003 0.3370535 0.007274999999999976 0.00545699999999999
-1 0.258102 0.3227925 0.007606000000000002 0.005209000000000019
-1 0.45634949999999996 0.317336 0.007274999999999976 0.0022320000000000118
-1 0.4573415 0.312872 0.009259000000000017 0.00520799999999999
-1 0.3867395 0.297991 0.007604999999999973 0.004711999999999994
-1 0.2797615 0.122892 0.0072750000000000314 0.0042159999999999975
-1 0.2794315 0.077877 0.011243000000000003 0.0054560000000000025
