0 0.07126299999999999 0.8390375000000001 0.011573999999999987 0.012400999999999995
0 0.2805885 0.689484 0.016864999999999963 0.008928000000000047
0 0.263393 0.673611 0.007606000000000002 0.007936000000000054
0 0.410053 0.4796625 0.025132000000000043 0.011904999999999999
0 0.503803 0.4446925 0.020172000000000023 0.017857000000000012
0 0.7309855000000001 0.377108 0.007604999999999973 0.003720000000000001
0 0.7375995 0.372768 0.002314999999999956 0.0019839999999999858
0 0.7313160000000001 0.371776 0.0049599999999999644 0.0049599999999999644
0 0.6848544999999999 0.30282699999999996 0.00330700000000006 0.0014879999999999893
0 0.6840280000000001 0.301587 0.0049599999999999644 0.0024800000000000377
0 0.6750995 0.299727 0.002314999999999956 0.0022320000000000118
0 0.6838625 0.29972699999999997 0.0072750000000000314 0.003720000000000001
0 0.6755955 0.297495 0.003306999999999949 0.0032240000000000046
0 0.683201 0.297371 0.007275999999999949 0.0039679999999999715
0 0.715443 0.27777799999999997 0.003637999999999919 0.003471999999999975
0 0.7035385000000001 0.27728200000000003 0.0016530000000000156 0.004463999999999968
0 0.707176 0.2735615 0.0049599999999999644 0.003473000000000004
0 0.4786705 0.27132900000000004 0.0036370000000000013 0.0024799999999999822
0 0.4829695 0.270337 0.0029770000000000074 0.0024800000000000377
0 0.588128 0.2710815 0.011573999999999973 0.008432999999999968
0 0.5724205 0.2579365 0.005290999999999935 0.0029770000000000074
0 0.5753969999999999 0.252356 0.002646000000000037 0.0032240000000000046
0 0.5084325000000001 0.252728 0.01686500000000002 0.0049599999999999644
0 0.5041335 0.2394595 0.020832999999999935 0.012152999999999997
0 0.0603505 0.20238099999999998 0.008929 0.003472000000000003
0 0.042163000000000006 0.13988099999999998 0.004959999999999999 0.0029760000000000064
0 0.1173945 0.11272299999999999 0.00529099999999999 0.002231999999999998
0 0.1291335 0.11061499999999999 0.005621000000000015 0.00446400000000001
0 0.504795 0.09499 0.016865999999999992 0.011903999999999998
0 0.9141865 0.09189 0.008267000000000024 0.008679999999999993
0 0.8473875 0.061259999999999995 0.008929000000000076 0.007935999999999992
0 0.7035385 0.044147000000000006 0.004960999999999993 0.0029759999999999995
0 0.679894 0.046503 0.015212000000000003 0.009175999999999997
0 0.743221 0.0070685 0.007606000000000002 0.006200999999999999
