0 0.151455 0.7849705 0.009920000000000012 0.011905000000000054
0 0.5415015 0.6187995 0.008928999999999965 0.011409000000000002
0 0.6026784999999999 0.5131445 0.018849000000000005 0.011409000000000002
0 0.23263899999999998 0.34511400000000003 0.014219999999999983 0.00669599999999998
0 0.23445749999999999 0.33916199999999996 0.0033069999999999766 0.003720000000000001
0 0.2294975 0.338418 0.0033070000000000044 0.0027279999999999527
0 0.2506615 0.2527285 0.005952999999999986 0.011904999999999999
0 0.2589285 0.249876 0.00661299999999998 0.007191999999999976
0 0.29332 0.2278025 0.0026459999999999817 0.0066970000000000085
0 0.298115 0.2266865 0.002976000000000034 0.004961000000000021
0 0.29001299999999997 0.2250745 0.003968000000000027 0.008184999999999998
0 0.160549 0.223214 0.005622000000000016 0.006448000000000009
0 0.27463649999999995 0.203249 0.004298999999999997 0.007192000000000004
0 0.2797615 0.198537 0.0033070000000000044 0.003720000000000001
0 0.11342550000000001 0.0762645 0.013888999999999999 0.015625
