-1 0.916832 0.8648315 0.013557999999999959 0.01686500000000002
-1 0.9007935 0.8544149999999999 0.004628999999999994 0.0034720000000000306
-1 0.9126985 0.8521825000000001 0.01455099999999998 0.005952999999999986
-1 0.902447 0.848958 0.013228000000000018 0.0049600000000000755
-1 0.916336 0.8443700000000001 0.0039679999999999715 0.0037200000000000566
-1 0.7463625 0.8516865 0.026455000000000006 0.018849000000000005
-1 0.90377 0.844618 0.01719599999999999 0.006696000000000035
-1 0.7260249999999999 0.8359375 0.05257999999999996 0.03397899999999998
-1 0.731151 0.8164685 0.03769800000000001 0.019840999999999998
-1 0.7179234999999999 0.8071675 0.011904999999999943 0.009672999999999932
-1 0.73297 0.7444195 0.022156000000000065 0.01959299999999997
-1 0.7423945000000001 0.7378475 0.011904999999999943 0.011905000000000054
-1 0.744378 0.7290425 0.008597999999999995 0.00917699999999999
-1 0.5877975 0.6496775 0.026124999999999954 0.014137000000000066
-1 0.5411710000000001 0.5722965 0.011574000000000084 0.015128999999999948
-1 0.5476190000000001 0.5374505 0.023148000000000057 0.0133930000000001
-1 0.600033 0.500744 0.010252000000000039 0.005951999999999957
-1 0.498016 0.47309049999999997 0.015212000000000003 0.013145000000000018
-1 0.5016535 0.4630455 0.007937000000000027 0.009920999999999958
-1 0.52166 0.455357 0.008267999999999942 0.006944000000000006
-1 0.542659 0.450769 0.005951999999999957 0.009176000000000017
-1 0.640377 0.452877 0.011573999999999973 0.014384000000000008
-1 0.37466900000000003 0.4437005 0.00859800000000005 0.012400999999999995
-1 0.833664 0.4246035 0.009259999999999935 0.011409000000000002
-1 0.4007935 0.420759 0.004628999999999994 0.00520799999999999
-1 0.39219550000000003 0.36321950000000003 0.011904999999999999 0.008680999999999994
-1 0.6183865 0.328745 0.011243000000000003 0.008680000000000021
-1 0.6117725 0.30034700000000003 0.0026449999999998974 0.0024799999999999822
-1 0.46213649999999995 0.27728200000000003 0.010913000000000006 0.005952000000000013
-1 0.672123 0.23462300000000003 0.00694399999999995 0.003472000000000003
-1 0.4426255 0.1945685 0.027447 0.017608999999999986
-1 0.4545305 0.1826635 0.01752699999999996 0.015625
-1 0.12268500000000002 0.166791 0.008598000000000008 0.004711999999999994
-1 0.1223545 0.1515375 0.006612999999999994 0.007937
-1 0.38392899999999996 0.08841750000000001 0.01918000000000003 0.017113000000000003
