-1 0.19492199999999998 0.954861 0.008594000000000018 0.02083400000000002
-1 0.128906 0.932639 0.012499999999999997 0.02083400000000002
-1 0.2 0.9215275 0.009375999999999995 0.02083299999999999
-1 0.2070315 0.8958335 0.004686999999999997 0.008333000000000035
-1 0.332031 0.7979164999999999 0.010938000000000003 0.029167000000000054
-1 0.9527345 0.636111 0.005469000000000057 0.022221999999999964
-1 0.828125 0.601389 0.0046880000000000255 0.008333999999999953
-1 0.8210935 0.59375 0.010936999999999975 0.012499999999999956
-1 0.475781 0.584028 0.014062000000000019 0.012499999999999956
-1 0.555078 0.554861 0.01640600000000003 0.020833999999999908
-1 0.5859369999999999 0.5493055 0.018749999999999933 0.02361100000000005
-1 0.2828125 0.5069444999999999 0.004686999999999997 0.008333000000000035
-1 0.951172 0.5041665 0.005468000000000028 0.013888999999999985
-1 0.28867200000000004 0.49375 0.007031999999999983 0.012500000000000011
-1 0.47695350000000003 0.4819445 0.007030999999999954 0.011110999999999982
-1 0.7316405 0.460417 0.011719000000000035 0.015278000000000014
-1 0.9054685 0.42083349999999997 0.004686999999999997 0.013888999999999985
-1 0.5640620000000001 0.3479165 0.012500000000000067 0.026388999999999996
-1 0.291406 0.3277775 0.0046880000000000255 0.008333000000000035
-1 0.2230465 0.315278 0.0070310000000000095 0.019444000000000017
-1 0.14375 0.3111115 0.004687999999999998 0.011110999999999982
-1 0.6343749999999999 0.2944445 0.007812000000000041 0.019445000000000046
-1 0.153125 0.261806 0.007812000000000013 0.012500000000000011
-1 0.928906 0.1881945 0.0046880000000000255 0.00972300000000001
-1 0.2828125 0.11875 0.009374999999999967 0.012499999999999997
-1 0.326172 0.095139 0.00859399999999999 0.012500000000000011
-1 0.5191405 0.07986099999999999 0.005468999999999946 0.012499999999999997
-1 0.821094 0.06666649999999999 0.0046880000000000255 0.008332999999999993
-1 0.9695315 0.0222225 0.004686999999999997 0.008333
-1 0.9546874999999999 0.0222225 0.004686999999999997 0.008333
-1 0.3472655 0.009028 0.0070310000000000095 0.018056
