-1 0.6445315 0.9875 0.009375000000000022 0.01666599999999996
-1 0.553516 0.7631945 0.01484400000000008 0.04583300000000001
-1 0.5472655 0.7444445 0.0070310000000000095 0.011110999999999982
-1 0.561719 0.542361 0.03125 0.040278000000000036
-1 0.548828 0.5145835000000001 0.02265600000000001 0.031945
-1 0.389453 0.4819445 0.013282000000000016 0.019445000000000046
-1 0.015234000000000001 0.373611 0.010156 0.01944399999999996
-1 0.411719 0.27777799999999997 0.012499999999999956 0.027778000000000025
-1 0.782422 0.24444449999999998 0.005467999999999917 0.013888999999999985
-1 0.758594 0.0944445 0.006250000000000089 0.013889000000000012
-1 0.504687 0.052778000000000005 0.018750000000000044 0.027778000000000004
-1 0.2464845 0.0062499999999999995 0.005469000000000002 0.009722
