0 0.41445350000000003 0.961111 0.007030999999999954 0.030555999999999917
0 0.8953125 0.8006945000000001 0.02343700000000004 0.031945
0 0.3800785 0.765972 0.01171899999999998 0.040278000000000036
0 0.6929685 0.5368055 0.00781300000000007 0.02083299999999999
0 0.5953125 0.5027775 0.014062999999999937 0.041667000000000065
0 0.599219 0.4694445 0.010938000000000003 0.022222999999999993
0 0.6035155000000001 0.4423615 0.013280999999999987 0.026388999999999996
0 0.582422 0.407639 0.00859399999999999 0.018056000000000016
0 0.9554689999999999 0.390972 0.006249999999999978 0.015278000000000014
0 0.246094 0.359722 0.017188000000000037 0.027778000000000025
0 0.9214845 0.328472 0.008592999999999962 0.009722000000000008
0 0.9925785 0.31319450000000004 0.011719000000000035 0.018054999999999988
0 0.8871095 0.30902799999999997 0.0070310000000000095 0.015277999999999958
0 0.9757815000000001 0.297222 0.009375000000000022 0.025000000000000022
0 0.9312499999999999 0.2743055 0.006249999999999978 0.018054999999999988
0 0.8992185 0.25347200000000003 0.0031250000000000444 0.006944000000000006
0 0.523828 0.2576385 0.010155999999999943 0.02361100000000002
0 0.9828125000000001 0.1715275 0.004686999999999997 0.023610999999999993
0 0.9964845 0.1618055 0.005468999999999946 0.00972300000000001
