0 0.66875 0.954167 0.014062000000000019 0.02777800000000008
0 0.0128905 0.9 0.014843 0.022221999999999964
0 0.1417965 0.5729165 0.005469000000000002 0.018055000000000043
0 0.403125 0.5694440000000001 0.010938000000000003 0.025000000000000022
0 0.011328499999999998 0.503472 0.011718999999999999 0.015277999999999958
0 0.9757815000000001 0.41527749999999997 0.004686999999999997 0.011111000000000038
0 0.1144535 0.4 0.0070310000000000095 0.016666000000000014
0 0.524609 0.3972225 0.01640599999999992 0.036111000000000004
0 0.101953 0.37916649999999996 0.010155999999999998 0.01944499999999999
0 0.7253905 0.3541665 0.011718999999999924 0.019445000000000046
0 0.1753905 0.34305549999999996 0.0070310000000000095 0.013888999999999985
0 0.897656 0.345833 0.012499999999999956 0.022221999999999964
0 0.428125 0.322917 0.007811999999999986 0.015278000000000014
0 0.7871090000000001 0.2743055 0.008594000000000102 0.018054999999999988
0 0.752344 0.240278 0.0046880000000000255 0.01944399999999999
0 0.785547 0.2375 0.010156000000000054 0.016665999999999986
0 0.6375 0.20763900000000002 0.007812000000000041 0.012499999999999983
0 0.845703 0.17013899999999998 0.003905999999999965 0.00972199999999998
0 0.411328 0.1666665 0.007031999999999983 0.013888999999999985
0 0.4089845 0.15 0.007030999999999954 0.01111200000000001
0 0.8476565 0.1333335 0.009375000000000022 0.01944499999999999
0 0.471875 0.10347200000000001 0.006249999999999978 0.006943999999999992
