-1 0.808594 0.7652775 0.007812000000000041 0.01388899999999993
-1 0.816797 0.760417 0.0023439999999999017 0.009722000000000008
-1 0.5921875 0.740278 0.015625 0.02777800000000008
-1 0.903516 0.7027775 0.0023440000000000127 0.01388899999999993
-1 0.558203 0.6263890000000001 0.00859399999999999 0.01666599999999996
-1 0.41796900000000003 0.6118055 0.006250000000000033 0.015276999999999985
-1 0.494531 0.6159725 0.006249999999999978 0.029167000000000054
-1 0.5578125 0.5993055 0.004686999999999997 0.009723000000000037
-1 0.5535155 0.585417 0.0070310000000000095 0.009722000000000008
-1 0.2945315 0.5763885 0.021874999999999978 0.03888899999999995
-1 0.903125 0.55 0.0046879999999999145 0.013888000000000011
-1 0.671875 0.4944445 0.00781199999999993 0.019445000000000046
-1 0.596094 0.4166665 0.01718799999999998 0.036111000000000004
-1 0.614453 0.37569450000000004 0.02265600000000001 0.05416700000000002
-1 0.1578125 0.33125 0.004686999999999997 0.009722000000000008
