-1 0.0058595 0.9756944999999999 0.011719 0.031945
-1 0.432422 0.9055555 0.021094 0.04166700000000001
-1 0.661719 0.764583 0.006249999999999978 0.009722000000000008
-1 0.6972655000000001 0.759028 0.013280999999999987 0.012500000000000067
-1 0.873828 0.6875 0.00859399999999999 0.01666600000000007
-1 0.626563 0.6305555 0.018750000000000044 0.04166700000000001
-1 0.6734375 0.5527775 0.010936999999999975 0.016666999999999987
-1 0.9421875 0.5041665 0.010937000000000086 0.019445000000000046
-1 0.6101565 0.495139 0.010936999999999975 0.03194399999999997
-1 0.0695315 0.45 0.015624999999999993 0.03611200000000003
-1 0.675781 0.11805550000000001 0.006249999999999978 0.013888999999999999
-1 0.17226550000000002 0.07222200000000001 0.03828099999999998 0.044444
