-1 0.2390625 0.8944445 0.021875000000000006 0.03333300000000006
-1 0.1574215 0.884722 0.013281000000000015 0.02777800000000008
-1 0.569922 0.6868055 0.007032000000000038 0.006944999999999979
-1 0.5632815 0.6708335000000001 0.00781300000000007 0.011110999999999982
-1 0.7749999999999999 0.6305555 0.010938000000000003 0.011110999999999982
-1 0.6078129999999999 0.620139 0.018749999999999933 0.029166000000000025
-1 0.39882799999999996 0.4048615 0.016405999999999976 0.05138900000000002
-1 0.839844 0.264583 0.007812000000000041 0.012500000000000011
-1 0.267578 0.177083 0.007031999999999983 0.009722000000000008
-1 0.5003905 0.177778 0.010156999999999972 0.01944399999999999
-1 0.04375 0.1395835 0.004688000000000005 0.006944999999999979
-1 0.6890624999999999 0.09375 0.007812999999999959 0.02083399999999999
-1 0.071875 0.065972 0.004687999999999998 0.009721999999999995
-1 0.9269535 0.0652775 0.0070310000000000095 0.013888999999999992
-1 0.014844 0.060417 0.004687999999999998 0.009722000000000001
-1 0.8527345 0.0194445 0.008592999999999962 0.016667
