-1 0.621875 0.630556 0.012500000000000067 0.02499999999999991
-1 0.6050785000000001 0.596528 0.03671900000000006 0.0819439999999999
-1 0.9574215 0.428472 0.011719000000000035 0.015278000000000014
-1 0.1316405 0.421528 0.0023430000000000117 0.009722000000000008
-1 0.13867200000000002 0.422917 0.003905999999999993 0.015278000000000014
-1 0.36328150000000003 0.41527749999999997 0.007813000000000014 0.013888999999999985
-1 0.3796875 0.2944445 0.004686999999999997 0.008333000000000035
-1 0.5285155 0.1902775 0.005468999999999946 0.01111100000000001
-1 0.5320309999999999 0.17361100000000002 0.010938000000000003 0.030556
-1 0.560547 0.0083335 0.010156000000000054 0.016667
-1 0.547266 0.023611 0.014843999999999968 0.047222
