0 0.949219 0.8881945 0.02343799999999996 0.0847230000000001
0 0.8078125 0.809028 0.05468700000000004 0.134722
0 0.605078 0.670139 0.010156000000000054 0.02083400000000002
0 0.5484375 0.6152774999999999 0.014062999999999937 0.033332999999999946
0 0.805078 0.5631945 0.02265600000000001 0.05138900000000002
0 0.5597654999999999 0.494444 0.017969000000000013 0.024999999999999967
0 0.11249999999999999 0.44375 0.0078119999999999995 0.015277999999999958
0 0.601953 0.43333299999999997 0.011718000000000006 0.024999999999999967
0 0.40234349999999997 0.320139 0.009374999999999967 0.015278000000000014
0 0.1078125 0.302083 0.009375000000000008 0.012500000000000011
0 0.5746095 0.220139 0.005468999999999946 0.012500000000000011
0 0.44062500000000004 0.048611 0.023438000000000014 0.052778
