0 0.667187 0.7631945 0.006249999999999978 0.03472300000000006
0 0.597656 0.7375 0.007812000000000041 0.01111200000000001
0 0.9515625 0.7534725 0.014062999999999937 0.04861099999999996
0 0.593359 0.715972 0.00859399999999999 0.012500000000000067
0 0.7386715 0.7208330000000001 0.011719000000000035 0.025000000000000022
0 0.9539065 0.634722 0.02187500000000009 0.02777800000000008
0 0.370703 0.579167 0.011718000000000006 0.02777800000000008
0 0.5843750000000001 0.484028 0.007812000000000041 0.018056000000000016
0 0.628906 0.3055555 0.006249999999999978 0.01944499999999999
0 0.5089845000000001 0.315278 0.01953100000000002 0.05555600000000005
