-1 0.5152345 0.9041665 0.003906999999999994 0.01388900000000004
-1 0.0039059999999999997 0.620139 0.00625 0.012499999999999956
-1 0.48125 0.6194445 0.015623999999999971 0.03888900000000006
-1 0.2453125 0.5708329999999999 0.01406300000000002 0.02777799999999997
-1 0.271875 0.570139 0.007811999999999986 0.029165999999999914
-1 0.555469 0.5645835 0.014062000000000019 0.026388999999999996
-1 0.24375 0.536111 0.010938000000000003 0.008334000000000064
-1 0.241016 0.5208335 0.010155999999999998 0.011110999999999982
-1 0.3332035 0.498611 0.0070310000000000095 0.019444000000000017
-1 0.446875 0.5041665 0.029687999999999992 0.05833299999999997
-1 0.103906 0.4743055 0.0062500000000000056 0.009723000000000037
-1 0.5562499999999999 0.359028 0.010938000000000003 0.012500000000000011
-1 0.6636715 0.2854165 0.011719000000000035 0.026388999999999996
-1 0.667969 0.2555555 0.014062000000000019 0.008333000000000035
-1 0.671875 0.24305549999999998 0.014062000000000019 0.013889000000000012
