0 0.182422 0.902778 0.014844000000000024 0.050000000000000044
0 0.1976565 0.8916665 0.010937000000000002 0.03888899999999995
0 0.1875 0.865278 0.012500000000000011 0.02777800000000008
0 0.9664065 0.8451385 0.014063000000000048 0.02361100000000005
0 0.395313 0.775694 0.006250000000000033 0.012499999999999956
0 0.9937499999999999 0.7479169999999999 0.0031240000000000157 0.012500000000000067
0 0.176172 0.7534725 0.021094 0.029166999999999943
0 0.5183595 0.723611 0.010156999999999972 0.019444000000000017
0 0.451953 0.6305555 0.00859399999999999 0.019445000000000046
0 0.6671875 0.6194445 0.015625 0.022222999999999993
0 0.6410155 0.613889 0.005469000000000057 0.019444000000000017
0 0.6625000000000001 0.5916669999999999 0.007812000000000041 0.022222000000000075
0 0.37578100000000003 0.5708335 0.006250000000000033 0.01388900000000004
0 0.6054685 0.4083335 0.009375000000000022 0.016666999999999987
0 0.9382815 0.26875000000000004 0.00781300000000007 0.018056000000000016
0 0.6910160000000001 0.14375 0.014843999999999968 0.029165999999999997
0 0.713672 0.107639 0.005468000000000028 0.006944000000000006
