-1 0.1390625 0.8833335 0.017187000000000008 0.04166700000000001
-1 0.113672 0.7631945 0.008594000000000004 0.015276999999999985
-1 0.944922 0.570139 0.019531999999999994 0.020833999999999908
-1 0.405078 0.536111 0.019531999999999994 0.019444000000000017
-1 0.5148435 0.4618055 0.02187500000000009 0.029167
-1 0.123437 0.4291665 0.0062500000000000056 0.011110999999999982
-1 0.5683594999999999 0.43819450000000004 0.03046899999999997 0.04305500000000001
-1 0.130078 0.411111 0.010155999999999998 0.022221999999999964
-1 0.025391 0.15416649999999998 0.008593999999999997 0.016667000000000015
-1 0.535547 0.1291665 0.01640599999999992 0.03333299999999999
