-1 0.703125 0.8958335 0.015625999999999918 0.030555
-1 0.678516 0.877778 0.01484400000000008 0.02777799999999997
-1 0.638672 0.872222 0.003905999999999965 0.019443999999999906
-1 0.6343749999999999 0.8430555 0.010938000000000003 0.03888900000000006
-1 0.4 0.7972225 0.010938000000000003 0.01388899999999993
-1 0.176172 0.711111 0.005468000000000001 0.005556000000000005
-1 0.2152345 0.6881945 0.0070310000000000095 0.004166999999999921
-1 0.4679685 0.688194 0.007813000000000014 0.012499999999999956
-1 0.212109 0.6763889999999999 0.003905999999999993 0.005556000000000005
-1 0.175 0.670139 0.003123999999999988 0.00694399999999995
-1 0.5734375 0.6902775 0.028125000000000067 0.06388900000000008
-1 0.4628905 0.625 0.014842999999999995 0.01666600000000007
-1 0.644531 0.597222 0.012500000000000067 0.022221999999999964
-1 0.473047 0.5881945 0.01640600000000003 0.054166999999999965
-1 0.4742185 0.5513885000000001 0.007813000000000014 0.011110999999999982
-1 0.478125 0.5465279999999999 0.0031260000000000177 0.015278000000000014
-1 0.508203 0.384722 0.024218000000000017 0.044443999999999984
