-1 0.36679649999999997 0.6569445 0.005469000000000002 0.011110999999999982
-1 0.2453125 0.6569445 0.009374999999999994 0.022222999999999993
-1 0.2367185 0.6520835 0.009375000000000022 0.018055000000000043
-1 0.364453 0.6409725 0.024218000000000017 0.04861100000000007
-1 0.294922 0.5791664999999999 0.00859399999999999 0.008333000000000035
-1 0.30625 0.5736114999999999 0.007811999999999986 0.01388899999999993
-1 0.586719 0.5687500000000001 0.010938000000000003 0.015278000000000014
-1 0.3515625 0.5458335 0.004686999999999997 0.005554999999999977
-1 0.567188 0.53125 0.012499999999999956 0.023611999999999966
-1 0.4859375 0.5236115 0.015625 0.036111000000000004
-1 0.5402345 0.49375 0.005469000000000057 0.015277999999999958
-1 0.629297 0.46388850000000004 0.00859399999999999 0.013888999999999985
-1 0.619922 0.45972199999999996 0.00859399999999999 0.02222200000000002
-1 0.4160155 0.426389 0.016407000000000005 0.027778000000000025
-1 0.6039064999999999 0.411111 0.009375000000000022 0.01666599999999996
-1 0.27382850000000003 0.338889 0.01171899999999998 0.019444000000000017
