-1 0.09062500000000001 0.978472 0.0078119999999999995 0.009722000000000008
-1 0.37539049999999996 0.804861 0.005469000000000002 0.012500000000000067
-1 0.3742185 0.7944445 0.004686999999999997 0.008332999999999924
-1 0.3726565 0.78125 0.0031250000000000444 0.009722000000000008
-1 0.26601549999999996 0.7118055 0.01171899999999998 0.018054999999999932
-1 0.2933595 0.5659719999999999 0.011719000000000035 0.01805599999999996
-1 0.4046875 0.554861 0.004686999999999997 0.009722000000000008
-1 0.2929685 0.548611 0.004686999999999997 0.008333999999999953
-1 0.5367185 0.5027775 0.00781300000000007 0.013888999999999985
-1 0.036719 0.5020830000000001 0.010938000000000003 0.012500000000000011
-1 0.030469000000000003 0.5 0.0125 0.013887999999999956
-1 0.071875 0.45138900000000004 0.015626 0.02222200000000002
-1 0.520312 0.459028 0.02499999999999991 0.040278000000000036
-1 0.039063 0.4256945 0.0062500000000000056 0.0069450000000000345
-1 0.5273435 0.4298615 0.015625 0.026388999999999996
-1 0.5808595 0.42916699999999997 0.010156999999999972 0.027778000000000025
-1 0.6640625 0.3763885 0.004687000000000108 0.011110999999999982
-1 0.5195315 0.328472 0.007812999999999959 0.012500000000000011
-1 0.8203125 0.254861 0.010936999999999975 0.015278000000000014
-1 0.18554700000000002 0.1069445 0.013281999999999988 0.019445000000000004
-1 0.094922 0.0625 0.027343999999999993 0.049999999999999996
