-1 0.5246095 0.7076385000000001 0.013280999999999987 0.023610999999999938
-1 0.0808595 0.6993055 0.017969 0.02361100000000005
-1 0.516797 0.640972 0.01640600000000003 0.040278000000000036
-1 0.5195315 0.61875 0.0031249999999999334 0.009722000000000008
-1 0.369922 0.576389 0.010155999999999998 0.022222000000000075
-1 0.8671875 0.5166665 0.010936999999999975 0.01388900000000004
-1 0.864453 0.4930555 0.003905999999999965 0.00833299999999998
-1 0.9410155 0.484028 0.003906999999999994 0.009722000000000008
-1 0.578906 0.4708335 0.03125 0.10833300000000001
-1 0.489844 0.1979165 0.012499999999999956 0.02083299999999999
-1 0.557422 0.14375 0.005468000000000028 0.015277999999999986
-1 0.0292965 0.0548615 0.032031 0.048611
