-1 0.676953 0.8444445 0.02265600000000001 0.036111000000000004
-1 0.7648435 0.7972225 0.010936999999999975 0.01388899999999993
-1 0.3898435 0.791667 0.021874999999999978 0.02777800000000008
-1 0.753906 0.761111 0.0046880000000000255 0.008334000000000064
-1 0.49179649999999997 0.7819445 0.025781 0.06388899999999997
-1 0.7015629999999999 0.6381945 0.018749999999999933 0.03472300000000006
-1 0.536328 0.5347219999999999 0.005468000000000028 0.005556000000000005
-1 0.5042964999999999 0.5270835 0.005469000000000057 0.02083299999999999
-1 0.6402345 0.49930549999999996 0.017969000000000013 0.034723000000000004
-1 0.5117185 0.49652799999999997 0.017186999999999952 0.03750000000000003
-1 0.5421875 0.4194445 0.009375000000000022 0.016666999999999987
-1 0.2628905 0.4243055 0.010157000000000027 0.029167
-1 0.224219 0.407639 0.006249999999999978 0.009721999999999953
-1 0.269531 0.401389 0.010938000000000003 0.022221999999999964
-1 0.741797 0.3847225 0.028905999999999987 0.04166700000000001
-1 0.176172 0.3041665 0.007031999999999983 0.011110999999999982
-1 0.524609 0.2305555 0.01640599999999992 0.027776999999999996
-1 0.5078125 0.222917 0.004687000000000108 0.015278000000000014
-1 0.2714845 0.1458335 0.005469000000000002 0.008333000000000007
