-1 0.7488285 0.9222225 0.011719000000000035 0.04166700000000001
-1 0.732422 0.9048615 0.007031999999999927 0.026388999999999996
-1 0.073047 0.8895835000000001 0.010155999999999998 0.018055000000000043
-1 0.0640625 0.790278 0.0031250000000000028 0.005556000000000005
-1 0.0625 0.775 0.004687999999999998 0.01111200000000001
-1 0.0109375 0.74375 0.004687 0.006944000000000061
-1 0.0570315 0.7027775 0.007813 0.01388899999999993
-1 0.375 0.640278 0.010938000000000003 0.02777800000000008
-1 0.38125 0.5590275 0.01874999999999999 0.07638900000000004
-1 0.7492185 0.5493055 0.034375000000000044 0.07638900000000004
-1 0.223047 0.502778 0.00859399999999999 0.01944399999999996
-1 0.390625 0.46875 0.009373999999999993 0.029166000000000025
-1 0.401953 0.46458299999999997 0.00859399999999999 0.034721999999999975
-1 0.173047 0.435417 0.00859399999999999 0.012499999999999956
-1 0.811328 0.3625 0.00859399999999999 0.01111200000000001
-1 0.796875 0.363194 0.00781199999999993 0.012500000000000011
-1 0.2640625 0.2930555 0.009374999999999967 0.011111000000000038
