0 0.78125 0.728472 0.009376000000000051 0.012499999999999956
0 0.892578 0.676389 0.003905999999999965 0.008334000000000064
0 0.2054685 0.6256945 0.020312999999999998 0.029167000000000054
0 0.130469 0.5506945 0.010938000000000003 0.02361100000000005
0 0.2003905 0.42708349999999995 0.013280999999999987 0.023610999999999993
0 0.2042965 0.402778 0.005469000000000002 0.005556000000000005
0 0.32070299999999996 0.3979165 0.010155999999999998 0.018054999999999988
0 0.201172 0.3152775 0.010155999999999998 0.00833299999999998
0 0.37460950000000004 0.309722 0.01171899999999998 0.030556000000000028
0 0.570703 0.25 0.028905999999999987 0.04166599999999998
0 0.3445315 0.061111 0.02968700000000002 0.058334
