-1 0.1976565 0.963889 0.015625 0.022221999999999964
-1 0.17773450000000002 0.6895835 0.017968999999999985 0.029166999999999943
-1 0.42265600000000003 0.675 0.007811999999999986 0.019444000000000017
-1 0.655078 0.5270835 0.017968000000000095 0.023610999999999938
-1 0.421875 0.47986150000000005 0.009373999999999993 0.023610999999999993
-1 0.6933595 0.41388899999999995 0.0070310000000000095 0.008334000000000008
-1 0.655078 0.3819445 0.03046800000000005 0.027776999999999996
-1 0.6578124999999999 0.35 0.035937 0.030555999999999972
-1 0.660547 0.329167 0.02578199999999997 0.02222200000000002
-1 0.401172 0.2736115 0.007031999999999983 0.01388900000000004
-1 0.0054685 0.2520835 0.009375 0.03194500000000003
-1 0.29648450000000004 0.234722 0.01171899999999998 0.022221999999999992
-1 0.523828 0.175 0.00859399999999999 0.016665999999999986
-1 0.6792965 0.070139 0.0070310000000000095 0.012499999999999997
