-1 0.5605465000000001 0.91875 0.005469000000000057 0.009722000000000008
-1 0.5453125 0.873611 0.010936999999999975 0.022221999999999964
-1 0.655469 0.867361 0.014062000000000019 0.029165999999999914
-1 0.355469 0.860417 0.010938000000000003 0.015278000000000014
-1 0.6503905000000001 0.8 0.013280999999999987 0.03611200000000003
-1 0.553125 0.740278 0.009373999999999993 0.030556000000000028
-1 0.580859 0.70625 0.00859399999999999 0.012500000000000067
-1 0.3402345 0.588889 0.0070310000000000095 0.019444000000000017
-1 0.990625 0.5659725 0.009373999999999993 0.02083299999999999
-1 0.5464845 0.48750000000000004 0.005469000000000057 0.016666000000000014
-1 0.5453125 0.4569445 0.017187000000000063 0.036111000000000004
-1 0.713672 0.4319445 0.005468000000000028 0.008333000000000035
-1 0.58125 0.43125 0.01718799999999998 0.02916599999999997
-1 0.30429649999999997 0.4055555 0.005469000000000002 0.016666999999999987
-1 0.39375 0.3756945 0.0031240000000000157 0.006944999999999979
-1 0.5730470000000001 0.3520835 0.011718000000000006 0.018054999999999988
-1 0.475 0.20625 0.023438000000000014 0.029165999999999997
