-1 0.250781 0.8041665 0.035938 0.04166700000000001
-1 0.4847655 0.6381945 0.0070310000000000095 0.018054999999999932
-1 0.8609375 0.570139 0.014062999999999937 0.03194400000000008
-1 0.404297 0.5062500000000001 0.0023440000000000127 0.015278000000000014
-1 0.411328 0.49583350000000004 0.0023439999999999572 0.00833299999999998
-1 0.519141 0.4694445 0.003905999999999965 0.011110999999999982
-1 0.42656249999999996 0.43819450000000004 0.003124999999999989 0.004166999999999976
-1 0.5671875 0.4291665 0.004686999999999997 0.008333000000000035
-1 0.6109374999999999 0.42361150000000003 0.009375000000000022 0.013888999999999985
-1 0.44609350000000003 0.4 0.023436999999999986 0.024999999999999967
-1 0.227734 0.3819445 0.010155999999999998 0.01944499999999999
-1 0.4394535 0.37430549999999996 0.019530999999999965 0.023610999999999993
-1 0.435156 0.351389 0.01874999999999999 0.01666599999999996
-1 0.840625 0.175 0.02343799999999996 0.024999999999999994
