-1 0.365625 0.978472 0.012500000000000011 0.018056000000000072
-1 0.314844 0.8833329999999999 0.012500000000000011 0.02777799999999997
-1 0.6 0.5569445 0.01718799999999998 0.033332999999999946
-1 0.139453 0.5256945 0.014843999999999996 0.029167000000000054
-1 0.667969 0.47777800000000004 0.012500000000000067 0.02222200000000002
-1 0.09765650000000001 0.4708335 0.009375000000000008 0.016666999999999987
-1 0.566406 0.41041700000000003 0.03281199999999995 0.034721999999999975
-1 0.566797 0.38055550000000005 0.0335939999999999 0.027776999999999996
-1 0.5746089999999999 0.34375 0.021094000000000057 0.029166000000000025
-1 0.95 0.2194445 0.012500000000000067 0.016667000000000015
-1 0.1453125 0.20625 0.007812999999999987 0.00972199999999998
-1 0.122656 0.2006945 0.0062500000000000056 0.009722999999999982
-1 0.594141 0.2006945 0.01640600000000003 0.031945
-1 0.946094 0.15 0.00781199999999993 0.008334000000000008
