0 0.434766 0.9354169999999999 0.010155999999999998 0.015278000000000014
0 0.603125 0.833333 0.003125999999999962 0.002777999999999947
0 0.108203 0.7979164999999999 0.008594000000000004 0.02083299999999999
0 0.6503909999999999 0.6493059999999999 0.008594000000000102 0.012500000000000067
0 0.6960934999999999 0.64375 0.026563000000000003 0.03472200000000003
0 0.367969 0.5847225 0.01874999999999999 0.03888900000000006
0 0.3183595 0.409028 0.005469000000000002 0.00694399999999995
0 0.026952999999999998 0.302083 0.016406 0.012500000000000011
0 0.036719 0.2944445 0.010938000000000003 0.011110999999999982
0 0.006640500000000001 0.2791665 0.011719 0.011110999999999982
