-1 0.2535155 0.8104169999999999 0.02109300000000003 0.040277999999999925
-1 0.497656 0.640972 0.012499999999999956 0.018056000000000072
-1 0.5597654999999999 0.5874999999999999 0.013280999999999987 0.01666599999999996
-1 0.5878905000000001 0.576389 0.013280999999999987 0.01666599999999996
-1 0.576953 0.5555555 0.0023440000000000127 0.0027770000000000294
-1 0.565234 0.5611109999999999 0.01484400000000008 0.01666599999999996
-1 0.5910155 0.554861 0.0070310000000000095 0.00694399999999995
-1 0.574219 0.540278 0.02343799999999996 0.022221999999999964
-1 0.5804685 0.5256945 0.020312999999999914 0.029167000000000054
-1 0.0367185 0.446528 0.007813 0.015278000000000014
-1 0.2867185 0.43402799999999997 0.004686999999999997 0.006944000000000006
-1 0.5757810000000001 0.3458335 0.010938000000000003 0.016666999999999987
