0 0.0964845 0.902778 0.044531 0.05277799999999999
0 0.561328 0.7777775 0.01640600000000003 0.03333300000000006
0 0.3027345 0.7569444999999999 0.021092999999999973 0.022222999999999993
0 0.196875 0.745139 0.029687999999999992 0.03750000000000009
0 0.21093800000000001 0.6395835000000001 0.012499999999999983 0.02083299999999999
0 0.5945315 0.6076385 0.017187000000000063 0.02361100000000005
0 0.5625 0.5923609999999999 0.009376000000000051 0.015278000000000014
0 0.563672 0.5736114999999999 0.00859399999999999 0.011110999999999982
0 0.2039065 0.5381944999999999 0.009374999999999994 0.009723000000000037
0 0.0683595 0.467361 0.010157 0.012500000000000011
0 0.122266 0.40625 0.014843999999999996 0.009722000000000008
0 0.12070349999999999 0.3805555 0.007030999999999996 0.008333000000000035
0 0.389453 0.367361 0.00859399999999999 0.009722000000000008
0 0.1277345 0.364583 0.008593000000000003 0.012500000000000011
0 0.3421875 0.3569445 0.007813000000000014 0.011110999999999982
0 0.140625 0.32638849999999997 0.007811999999999986 0.013888999999999985
