0 0.4808595 0.9624999999999999 0.013280999999999987 0.03611200000000003
0 0.5140625000000001 0.801389 0.009375000000000022 0.01666600000000007
0 0.5917965000000001 0.622222 0.017969000000000013 0.025000000000000022
0 0.6136714999999999 0.47916650000000005 0.025780999999999943 0.03888900000000001
0 0.314062 0.48055549999999997 0.025000000000000022 0.04444499999999996
0 0.6304685 0.457639 0.015625 0.02916599999999997
0 0.6203125 0.4402775 0.004686999999999997 0.011110999999999982
0 0.6757815 0.42777750000000003 0.009375000000000022 0.016667000000000043
0 0.889062 0.3833335 0.012499999999999956 0.01388900000000004
0 0.496875 0.376389 0.0046880000000000255 0.01944399999999996
0 0.4972655 0.35624999999999996 0.003907000000000049 0.006944000000000006
0 0.55625 0.34722200000000003 0.009376000000000051 0.01944399999999996
0 0.55625 0.321528 0.0046880000000000255 0.009722000000000008
0 0.5535155 0.3097225 0.0070310000000000095 0.00833299999999998
0 0.784375 0.220139 0.006249999999999978 0.012500000000000011
