-1 0.7437499999999999 0.91875 0.006249999999999978 0.015278000000000014
-1 0.7558595 0.901389 0.0070310000000000095 0.019444000000000017
-1 0.230078 0.9083335 0.017967999999999984 0.03333300000000006
-1 0.2421875 0.884028 0.007813000000000014 0.012500000000000067
-1 0.238672 0.8770835 0.0023440000000000127 0.004167000000000032
-1 0.9140625 0.8347225 0.009374999999999911 0.011110999999999982
-1 0.905078 0.8152775000000001 0.005467999999999917 0.011110999999999982
-1 0.905078 0.7583335 0.005467999999999917 0.008332999999999924
-1 0.6910155 0.6902775000000001 0.005468999999999946 0.011110999999999982
-1 0.588281 0.640278 0.014061999999999908 0.019444000000000017
-1 0.4707035 0.6416664999999999 0.017969000000000013 0.033332999999999946
-1 0.38593750000000004 0.6256945 0.003124999999999989 0.006944999999999979
-1 0.4109375 0.6118060000000001 0.010936999999999975 0.012500000000000067
-1 0.909375 0.5645835 0.012500000000000067 0.02361100000000005
-1 0.600781 0.527083 0.010938000000000003 0.015278000000000014
-1 0.4714845 0.495139 0.013281000000000043 0.03194399999999997
-1 0.478125 0.465972 0.007811999999999986 0.012499999999999956
-1 0.5578125 0.4527775 0.009375000000000022 0.01388900000000004
-1 0.5253905 0.4395835 0.0070310000000000095 0.018054999999999988
-1 0.292969 0.4354165 0.010938000000000003 0.023610999999999993
-1 0.0945315 0.4 0.004686999999999997 0.008334000000000008
-1 0.621094 0.3770835 0.018749999999999933 0.029167
-1 0.303516 0.340972 0.010155999999999998 0.03194399999999997
-1 0.096875 0.3277775 0.004687999999999998 0.008333000000000035
-1 0.1035155 0.32638900000000004 0.005469000000000002 0.008334000000000008
-1 0.0921875 0.3208335 0.004687000000000011 0.008333000000000035
-1 0.4796875 0.28194450000000004 0.015625 0.01944499999999999
-1 0.516016 0.267361 0.0023440000000000127 0.009722000000000008
-1 0.919922 0.21875 0.003905999999999965 0.004166000000000003
-1 0.243359 0.2194445 0.003905999999999993 0.008333000000000007
-1 0.896875 0.203472 0.003125999999999962 0.00972199999999998
-1 0.9042965000000001 0.19444450000000002 0.005469000000000057 0.016667000000000015
-1 0.4230465 0.1597225 0.005469000000000002 0.016667000000000015
-1 0.415625 0.15625 0.006250000000000033 0.018056000000000016
-1 0.722656 0.15 0.0046880000000000255 0.008334000000000008
-1 0.934375 0.1305555 0.006249999999999978 0.005555000000000004
-1 0.0359375 0.1069445 0.004687000000000004 0.008333000000000007
-1 0.0328125 0.0958335 0.004687 0.008333000000000007
-1 0.2984375 0.063889 0.003124999999999989 0.008334000000000008
-1 0.8820315000000001 0.0305555 0.007812999999999959 0.005555000000000001
