0 0.5902339999999999 0.9930555000000001 0.010155999999999943 0.011110999999999982
0 0.545703 0.9902775 0.021094000000000057 0.016666999999999987
0 0.0242185 0.9750000000000001 0.009375000000000001 0.01666599999999996
0 0.013672 0.9729165 0.008594 0.018055000000000043
0 0.013281499999999998 0.9472225 0.009375 0.01388900000000004
0 0.025 0.9444445 0.009375999999999999 0.016666999999999987
0 0.6304685000000001 0.9055555 0.004686999999999997 0.008333000000000035
0 0.3125 0.8583335000000001 0.0046880000000000255 0.008333000000000035
0 0.34335950000000004 0.83125 0.01171899999999998 0.01805599999999996
0 0.6804685 0.677083 0.0031250000000000444 0.009722000000000008
0 0.6933590000000001 0.6680555 0.008594000000000102 0.016666999999999987
0 0.330078 0.6645829999999999 0.007031999999999983 0.015278000000000014
0 0.48125 0.627778 0.010938000000000003 0.025000000000000022
0 0.4277345 0.6208335 0.005469000000000002 0.01388899999999993
0 0.4332035 0.60625 0.0070310000000000095 0.009722000000000008
0 0.630078 0.586111 0.00859399999999999 0.01666599999999996
0 0.34765599999999997 0.58125 0.007811999999999986 0.009722000000000008
0 0.56875 0.570139 0.0046880000000000255 0.012500000000000067
0 0.878125 0.5625 0.0046879999999999145 0.008334000000000064
0 0.6308590000000001 0.5569445 0.003906000000000076 0.008333000000000035
0 0.6464845 0.542361 0.005468999999999946 0.009722000000000008
0 0.498828 0.5430555 0.007032000000000038 0.016666999999999987
0 0.6285155 0.540972 0.008593000000000073 0.015278000000000014
0 0.780078 0.5368055 0.005467999999999917 0.009723000000000037
0 0.9894535 0.5381945 0.0070310000000000095 0.015276999999999985
0 0.6429685 0.5305555 0.004686999999999997 0.008333000000000035
0 0.628125 0.49375 0.009373999999999993 0.009722000000000008
0 0.384375 0.497222 0.023438000000000014 0.047221999999999986
0 0.8687499999999999 0.471528 0.007812000000000041 0.012499999999999956
0 0.3339845 0.467361 0.008593000000000017 0.009721999999999953
0 0.776562 0.417361 0.012499999999999956 0.015278000000000014
0 0.7777345 0.3958335 0.005468999999999946 0.008333000000000035
0 0.7496095 0.259028 0.005469000000000057 0.009722000000000008
0 0.719141 0.284722 0.04609399999999997 0.097222
