0 0.07500000000000001 0.9118055 0.017187999999999995 0.023610999999999938
0 0.0941405 0.902778 0.011719000000000007 0.022221999999999964
0 0.5839844999999999 0.6527775 0.017969000000000013 0.03333300000000006
0 0.561328 0.6194445 0.017968000000000095 0.036111000000000004
0 0.548047 0.6 0.014843999999999968 0.019444000000000017
0 0.563672 0.5923615 0.014843999999999968 0.02361100000000005
0 0.551953 0.5798615 0.010156000000000054 0.02361100000000005
0 0.890625 0.4319445 0.0046880000000000255 0.011110999999999982
0 0.8558595 0.43402799999999997 0.005468999999999946 0.015277999999999958
0 0.8457034999999999 0.39722250000000003 0.005469000000000057 0.00833299999999998
0 0.66875 0.3875 0.029688000000000048 0.03611200000000003
