-1 0.60625 0.995139 0.0046879999999999145 0.006944000000000061
-1 0.5953125 0.990972 0.010936999999999975 0.015278000000000014
-1 0.9859374999999999 0.8194444999999999 0.004686999999999997 0.008333000000000035
-1 0.3277345 0.8333330000000001 0.02421899999999999 0.047221999999999986
-1 0.976953 0.8118055 0.00859399999999999 0.009723000000000037
-1 0.733203 0.7611110000000001 0.01640600000000003 0.025000000000000022
-1 0.772656 0.672917 0.00781199999999993 0.012499999999999956
-1 0.152344 0.68125 0.029687999999999992 0.0625
-1 0.538672 0.6416664999999999 0.007032000000000038 0.008333000000000035
-1 0.533594 0.625 0.0046880000000000255 0.008334000000000064
-1 0.541406 0.6222224999999999 0.006249999999999978 0.011110999999999982
-1 0.5417970000000001 0.6104165 0.0023440000000000127 0.006944999999999979
-1 0.548828 0.60625 0.003905999999999965 0.00694399999999995
-1 0.721484 0.6145835 0.02265600000000001 0.029167000000000054
-1 0.4664065 0.573611 0.0031250000000000444 0.002777999999999947
-1 0.5679685000000001 0.5729169999999999 0.009375000000000022 0.015278000000000014
-1 0.0441405 0.5625 0.007030999999999996 0.008334000000000064
-1 0.569922 0.5583335 0.0023440000000000127 0.005554999999999977
-1 0.2796875 0.5604169999999999 0.009374999999999967 0.012500000000000067
-1 0.479297 0.5541665 0.010155999999999998 0.011111000000000093
-1 0.042969 0.54375 0.010938000000000003 0.015278000000000014
-1 0.5929685 0.4930555 0.0031250000000000444 0.013888999999999985
-1 0.28125 0.488889 0.006249999999999978 0.016666000000000014
-1 0.5878905 0.48333349999999997 0.0070310000000000095 0.016667000000000043
-1 0.7359375 0.398611 0.014062999999999937 0.025000000000000022
-1 0.828906 0.177778 0.018750000000000044 0.024999999999999994
