-1 0.696094 0.911111 0.012499999999999956 0.02499999999999991
-1 0.45273450000000004 0.7347220000000001 0.01171899999999998 0.025000000000000022
-1 0.6058595 0.504861 0.011719000000000035 0.018056000000000016
-1 0.3410155 0.4458335 0.007030999999999954 0.016666999999999987
-1 0.46484400000000003 0.3881945 0.01874999999999999 0.026388999999999996
-1 0.3035155 0.358333 0.013280999999999987 0.025000000000000022
-1 0.428125 0.2791665 0.014061999999999963 0.013888999999999985
-1 0.520703 0.26319400000000004 0.003905999999999965 0.012500000000000011
-1 0.545312 0.2569445 0.012499999999999956 0.033333
-1 0.4875 0.2034725 0.015623999999999971 0.029167
-1 0.2320315 0.1361115 0.009375000000000022 0.011110999999999982
