0 0.9722660000000001 0.7854165 0.014843999999999968 0.031945
0 0.3671875 0.7 0.015625 0.025000000000000022
0 0.7414065000000001 0.45972199999999996 0.014063000000000048 0.024999999999999967
0 0.41796849999999997 0.4354165 0.007813000000000014 0.023610999999999993
0 0.44570299999999996 0.4305555 0.02734399999999998 0.06388900000000003
0 0.601953 0.25416649999999996 0.00859399999999999 0.03888900000000001
0 0.9632815 0.1965275 0.028124999999999956 0.029167
0 0.4902345 0.1756945 0.013280999999999987 0.023610999999999993
0 0.9480465 0.171528 0.019530999999999965 0.037500000000000006
0 0.652344 0.0381945 0.007812000000000041 0.023611000000000004
0 0.646875 0.025 0.009373999999999993 0.019444000000000003
0 0.9152345 0.0083335 0.008592999999999962 0.013889
