-1 0.1640625 0.9340275 0.020313000000000025 0.026388999999999996
-1 0.21054699999999998 0.8090280000000001 0.011717999999999978 0.01805599999999996
-1 0.157422 0.8006945 0.016406000000000004 0.02361100000000005
-1 0.1785155 0.7944445 0.016407000000000005 0.02777699999999994
-1 0.162109 0.7763884999999999 0.00859399999999999 0.01388899999999993
-1 0.12890600000000002 0.7527775000000001 0.004687999999999998 0.011110999999999982
-1 0.1171875 0.6277775 0.007812999999999987 0.01388900000000004
-1 0.5921875 0.5875 0.017187000000000063 0.033333999999999975
-1 0.6812499999999999 0.48125 0.010938000000000003 0.015278000000000014
-1 0.714453 0.459028 0.00859399999999999 0.015278000000000014
-1 0.167969 0.42013900000000004 0.012500000000000011 0.018056000000000016
-1 0.7367189999999999 0.342361 0.006249999999999978 0.006944000000000006
-1 0.6085935 0.10763900000000001 0.010936999999999975 0.015278
