0 0.467188 0.9576385000000001 0.025000000000000022 0.05138900000000002
0 0.8343750000000001 0.857639 0.02343799999999996 0.040277999999999925
0 0.5902345 0.8291664999999999 0.008593000000000073 0.019445000000000046
0 0.426172 0.7819445 0.014843999999999968 0.033332999999999946
0 0.43789049999999996 0.765972 0.010157000000000027 0.03472199999999992
0 0.5109375 0.7479165000000001 0.007812999999999959 0.02083299999999999
0 0.6851560000000001 0.551389 0.020311999999999997 0.04166599999999998
0 0.4964845 0.53125 0.017968999999999957 0.05138799999999999
0 0.5882815 0.51875 0.028124999999999956 0.06250000000000006
0 0.367187 0.5125 0.05625000000000002 0.09722200000000003
0 0.35507849999999996 0.41041700000000003 0.01171899999999998 0.015277999999999958
0 0.5898435 0.305556 0.014063000000000048 0.025000000000000022
0 0.731641 0.203472 0.028905999999999987 0.01805599999999999
0 0.7402340000000001 0.16736099999999998 0.0226559999999999 0.029165999999999997
0 0.6199215 0.13611099999999998 0.011719000000000035 0.022221999999999992
0 0.9507815 0.10763900000000001 0.009375000000000022 0.015278
0 0.8808595 0.0777775 0.005468999999999946 0.013889000000000012
0 0.957422 0.078472 0.007031999999999927 0.037500000000000006
