0 0.86875 0.48541650000000003 0.012499999999999956 0.02638900000000005
0 0.780469 0.461111 0.018750000000000044 0.025000000000000022
0 0.322656 0.4604165 0.018750000000000044 0.023610999999999993
0 0.091406 0.45138849999999997 0.0062500000000000056 0.013888999999999985
0 0.7363284999999999 0.45208349999999997 0.013280999999999987 0.02638900000000005
0 0.0910155 0.432639 0.005469000000000002 0.009722000000000008
0 0.2535155 0.4 0.0070310000000000095 0.013887999999999956
0 0.603906 0.384028 0.007812000000000041 0.009722000000000008
0 0.6972659999999999 0.351389 0.027343999999999924 0.033333999999999975
0 0.70625 0.3145835 0.028123999999999927 0.029167
0 0.7109375 0.2833335 0.02343699999999993 0.01944499999999999
0 0.2410155 0.0972225 0.02421899999999999 0.036111000000000004
