0 0.175781 0.6298615000000001 0.010938000000000003 0.023610999999999938
0 0.6390625 0.6256945 0.014062999999999937 0.023610999999999938
0 0.189453 0.6215275 0.011718000000000006 0.026388999999999996
0 0.6421875 0.6 0.010936999999999975 0.008334000000000064
0 0.647656 0.5819445000000001 0.018750000000000044 0.022222999999999993
0 0.6578120000000001 0.5652775 0.012500000000000067 0.01388900000000004
0 0.541797 0.49791699999999994 0.013282000000000016 0.04027799999999998
0 0.8761715 0.4305555 0.011719000000000035 0.027776999999999996
0 0.477734 0.41180550000000005 0.014843999999999968 0.029167
0 0.921875 0.18611149999999999 0.02187399999999995 0.036110999999999976
0 0.9367185 0.16319450000000002 0.004686999999999997 0.00972300000000001
0 0.700391 0.156944 0.00859399999999999 0.025000000000000022
0 0.929297 0.092361 0.010155999999999943 0.029165999999999997
0 0.7546875 0.0791665 0.010937000000000086 0.030555
0 0.769531 0.07361100000000001 0.014062000000000019 0.047222
