-1 0.39101600000000003 0.7166669999999999 0.014844000000000024 0.022222000000000075
-1 0.5839845 0.659722 0.011719000000000035 0.022221999999999964
-1 0.37109400000000003 0.6173615 0.012500000000000011 0.02361100000000005
-1 0.835547 0.5930555 0.014843999999999968 0.03888900000000006
-1 0.49375 0.5069445 0.007811999999999986 0.01944499999999999
-1 0.400781 0.5 0.010938000000000003 0.022221999999999964
-1 0.3429685 0.49583350000000004 0.021874999999999978 0.03611100000000006
-1 0.455078 0.4840275 0.010155999999999998 0.02083299999999999
-1 0.7578125 0.4493055 0.010936999999999975 0.026388999999999996
-1 0.4933595 0.35833349999999997 0.0070310000000000095 0.016667000000000043
-1 0.500781 0.3444445 0.007811999999999986 0.011110999999999982
-1 0.482422 0.24375 0.005467999999999973 0.012500000000000011
-1 0.5898435 0.052083500000000005 0.009375000000000022 0.026389000000000003
-1 0.579297 0.0298615 0.011718000000000006 0.023611000000000004
