-1 0.6792965 0.6451385000000001 0.0070310000000000095 0.023610999999999938
-1 0.30625 0.633333 0.012500000000000011 0.022221999999999964
-1 0.330469 0.617361 0.012500000000000011 0.015278000000000014
-1 0.28906200000000004 0.615972 0.012500000000000011 0.01805599999999996
-1 0.5972655 0.5243055000000001 0.011719000000000035 0.02083299999999999
-1 0.21093699999999999 0.514583 0.0062500000000000056 0.015278000000000014
-1 0.714453 0.44166700000000003 0.010156000000000054 0.024999999999999967
-1 0.7125 0.4104165 0.009376000000000051 0.026388999999999996
-1 0.07851549999999999 0.4041665 0.008593000000000003 0.013888999999999985
-1 0.35117149999999997 0.395139 0.01171899999999998 0.04305599999999998
-1 0.088672 0.20972200000000002 0.019531999999999994 0.01944399999999999
-1 0.303125 0.0229165 0.009373999999999993 0.026388999999999996
