0 0.5820315 0.7736115 0.015625 0.036111000000000004
0 0.5972655 0.7152780000000001 0.0070310000000000095 0.025000000000000022
0 0.563672 0.732639 0.027343999999999924 0.05972199999999994
0 0.4964845 0.6305555 0.011719000000000035 0.016666999999999987
0 0.1625 0.6034725000000001 0.007811999999999986 0.02083299999999999
0 0.519531 0.5930555 0.026561999999999975 0.04166700000000001
0 0.224219 0.5263884999999999 0.010938000000000003 0.01388899999999993
0 0.6671875 0.49583350000000004 0.02343700000000004 0.06666700000000003
0 0.082422 0.3256945 0.007031999999999997 0.015276999999999985
0 0.7910155 0.31805550000000005 0.0070310000000000095 0.013888999999999985
