0 0.5597654999999999 0.6368054999999999 0.017969000000000013 0.031945
0 0.562109 0.6145835 0.00859399999999999 0.023610999999999938
0 0.595313 0.6006945 0.018750000000000044 0.02361100000000005
0 0.440625 0.588889 0.009373999999999993 0.022221999999999964
0 0.4628905 0.5590280000000001 0.010157000000000027 0.015278000000000014
0 0.477344 0.5347225 0.012500000000000011 0.016666999999999987
0 0.4867185 0.5236115 0.004686999999999997 0.011111000000000093
0 0.471094 0.471528 0.006249999999999978 0.01805599999999996
0 0.082422 0.47430550000000005 0.016406000000000004 0.023610999999999993
0 0.6816409999999999 0.427778 0.008594000000000102 0.019444000000000017
0 0.6898435 0.42361150000000003 0.0031249999999999334 0.013888999999999985
0 0.4671875 0.4145835 0.01093700000000003 0.02083299999999999
0 0.5300785 0.096528 0.011719000000000035 0.012499999999999997
