0 0.244709 0.748512 0.244378 0.74876 0.242394 0.74876 0.242063 0.749008 0.242063 0.749256 0.241733 0.749504 0.241733 0.75 0.241402 0.750248 0.241402 0.750744 0.241071 0.750992 0.241071 0.751736 0.241402 0.751984 0.241402 0.755704 0.242063 0.7562 0.242063 0.756448 0.242725 0.756944 0.242725 0.757192 0.243386 0.757688 0.243386 0.757937 0.244048 0.758433 0.244048 0.758681 0.244709 0.759177 0.244709 0.759425 0.24537 0.759921 0.24537 0.760169 0.246032 0.760665 0.246032 0.760913 0.247024 0.761657 0.247024 0.761905 0.247685 0.762401 0.247685 0.762649 0.248347 0.763145 0.248347 0.763393 0.249339 0.764137 0.249339 0.764385 0.25 0.764881 0.25 0.765129 0.252646 0.765129 0.252976 0.765377 0.252976 0.759177 0.252646 0.758929 0.252646 0.754712 0.252315 0.754464 0.252315 0.753472 0.252646 0.753224 0.252646 0.750744 0.252976 0.750496 0.252976 0.75 0.253307 0.749752 0.253307 0.749256 0.253638 0.749008 0.253638 0.748512 0.250992 0.748512 0.250661 0.74876 0.249669 0.74876 0.249339 0.749008 0.248016 0.749008 0.247685 0.74876 0.246693 0.74876 0.246362 0.748512
0 0.17328 0.729415 0.17295 0.729663 0.172288 0.729663 0.172288 0.731151 0.172619 0.731399 0.172619 0.733383 0.17295 0.733383 0.17328 0.733135 0.174603 0.733135 0.174934 0.732887 0.176257 0.732887 0.176257 0.731151 0.173942 0.729415
0 0.450397 0.720486 0.450066 0.720734 0.449405 0.720734 0.449074 0.720982 0.448413 0.720982 0.44709 0.721974 0.446759 0.721974 0.445767 0.722718 0.445437 0.722718 0.445106 0.722966 0.445437 0.722966 0.446098 0.723462 0.446429 0.723462 0.44709 0.723958 0.447421 0.723958 0.447751 0.724206 0.448413 0.724206 0.448743 0.724454 0.449405 0.724454 0.449735 0.724702 0.450397 0.724702 0.450728 0.72495 0.45172 0.72495 0.45205 0.725198 0.453042 0.725198 0.453042 0.72495 0.453373 0.724702 0.453373 0.724454 0.454034 0.723958 0.454034 0.72371 0.454365 0.723462 0.454365 0.723214 0.453704 0.722718 0.453704 0.72247 0.453042 0.721974 0.453042 0.721726 0.451389 0.720486
0 0.455026 0.718998 0.455026 0.71999 0.455357 0.720238 0.455357 0.720982 0.455688 0.72123 0.455688 0.721726 0.456019 0.721974 0.456019 0.722718 0.456349 0.722966 0.456349 0.723462 0.45668 0.72371 0.45668 0.724206 0.457011 0.724454 0.457011 0.724702 0.458333 0.72371 0.458333 0.718998
0 0.440807 0.686012 0.440476 0.68626 0.439815 0.68626 0.439484 0.686508 0.438823 0.686508 0.438492 0.686756 0.437831 0.686756 0.4375 0.687004 0.437169 0.687004 0.436839 0.687252 0.436508 0.687252 0.435847 0.687748 0.435847 0.688492 0.436177 0.68874 0.436177 0.689236 0.436508 0.689484 0.436508 0.690228 0.436839 0.690476 0.436839 0.690972 0.437169 0.690972 0.437169 0.690724 0.4375 0.690476 0.4375 0.690228 0.437831 0.68998 0.437831 0.689732 0.438161 0.689484 0.438161 0.689236 0.438492 0.688988 0.438823 0.688988 0.439153 0.68874 0.440146 0.68874 0.440476 0.688492 0.441138 0.688492 0.441138 0.687252 0.440807 0.687004
0 0.297288 0.68378 0.296296 0.684524 0.296296 0.684772 0.295304 0.685516 0.295635 0.685764 0.295635 0.686012 0.296296 0.686508 0.296296 0.686756 0.296627 0.687004 0.296627 0.687252 0.296958 0.6875 0.296958 0.687996 0.297288 0.688244 0.297288 0.690972 0.296958 0.69122 0.296958 0.692708 0.296627 0.692956 0.297619 0.692956 0.29795 0.692708 0.298611 0.692708 0.298942 0.69246 0.299603 0.69246 0.299934 0.692212 0.300265 0.692212 0.300595 0.691964 0.300595 0.691716 0.300926 0.691468 0.300926 0.68998 0.299603 0.688988 0.299603 0.687748 0.299272 0.6875 0.299272 0.686508 0.298942 0.68626 0.299272 0.686012 0.299272 0.685268 0.299603 0.68502 0.299603 0.684772 0.299272 0.684524 0.298942 0.684524 0.298611 0.684276 0.29828 0.684276 0.29795 0.684028 0.297619 0.684028
0 0.301257 0.680556 0.300926 0.680804 0.300595 0.680804 0.300265 0.681052 0.299934 0.681052 0.299934 0.681548 0.299603 0.681796 0.299603 0.682788 0.301257 0.684028 0.301587 0.684028 0.301587 0.683284 0.301918 0.683036 0.301918 0.681548 0.301587 0.6813 0.301587 0.681052 0.301257 0.680804
0 0.309854 0.676091 0.309854 0.676587 0.310185 0.676835 0.310185 0.679067 0.310516 0.679315 0.310516 0.679563 0.310847 0.679812 0.310847 0.68006 0.311177 0.680308 0.311177 0.680556 0.311508 0.680804 0.311508 0.681052 0.311839 0.6813 0.311839 0.681548 0.3125 0.682044 0.312831 0.682044 0.313161 0.682292 0.313161 0.681796 0.313492 0.681548 0.313492 0.681052 0.313823 0.680804 0.313823 0.679812 0.314153 0.679563 0.314153 0.679315 0.313823 0.679067 0.313823 0.678819 0.313492 0.678571 0.313492 0.678323 0.311177 0.676587 0.310847 0.676587 0.310516 0.676339 0.310185 0.676339
0 0.568783 0.662946 0.568783 0.665179 0.569114 0.665427 0.569114 0.665923 0.569444 0.666171 0.569775 0.666171 0.570106 0.666419 0.570437 0.666419 0.570767 0.666667 0.571429 0.666667 0.571759 0.666915 0.573413 0.666915 0.573413 0.666667 0.573743 0.666419 0.573743 0.664931 0.573413 0.664931 0.572751 0.664435 0.572421 0.664435 0.571759 0.663938 0.571098 0.663938 0.570767 0.66369 0.570106 0.66369 0.569775 0.663442 0.569444 0.663442
0 0.57209 0.65997 0.573082 0.660714 0.573082 0.660962 0.573743 0.661458 0.573743 0.661706 0.574074 0.661954 0.574074 0.662202 0.574405 0.66245 0.574405 0.662698 0.574735 0.662946 0.574735 0.663194 0.574735 0.66245 0.575066 0.662202 0.575066 0.661954 0.574735 0.661706 0.574735 0.66121 0.574405 0.660962 0.574405 0.660714 0.574074 0.660714 0.573082 0.65997
0 0.528439 0.657986 0.528439 0.65873 0.52877 0.658978 0.52877 0.659474 0.530423 0.660714 0.530754 0.660714 0.531415 0.66121 0.531746 0.66121 0.532077 0.661458 0.532077 0.66121 0.532407 0.660962 0.532407 0.660218 0.532738 0.65997 0.532738 0.658234 0.532077 0.658234 0.531746 0.657986
0 0.512235 0.656498 0.512897 0.656994 0.512897 0.657242 0.515542 0.659226 0.515873 0.659226 0.516534 0.659722 0.516865 0.659722 0.517196 0.65997 0.517526 0.65997 0.518188 0.660466 0.518519 0.660466 0.51918 0.660962 0.519511 0.660962 0.520172 0.661458 0.520503 0.661458 0.520833 0.661706 0.522156 0.661706 0.522487 0.661954 0.527447 0.661954 0.527447 0.661706 0.524471 0.659474 0.52414 0.659474 0.52381 0.659226 0.52381 0.658978 0.523479 0.65873 0.523479 0.658482 0.522817 0.657986 0.522817 0.657738 0.521825 0.656994 0.518519 0.656994 0.518188 0.656746 0.512897 0.656746 0.512566 0.656498
0 0.168651 0.640129 0.16832 0.640377 0.167989 0.640377 0.167659 0.640625 0.166997 0.640625 0.166667 0.640873 0.166336 0.640873 0.166005 0.641121 0.165675 0.641121 0.165344 0.641369 0.165013 0.641369 0.165013 0.641617 0.164683 0.641865 0.164683 0.642113 0.164352 0.642361 0.164352 0.642609 0.164021 0.642857 0.164021 0.643105 0.16369 0.643353 0.16369 0.643601 0.16336 0.643849 0.16336 0.644097 0.163029 0.644345 0.163029 0.649306 0.16336 0.649306 0.16369 0.649058 0.164352 0.649058 0.164683 0.64881 0.165344 0.64881 0.165675 0.648562 0.166336 0.648562 0.166667 0.648313 0.167328 0.648313 0.167659 0.648065 0.16832 0.648065 0.168651 0.647817 0.168981 0.647817 0.169312 0.647569 0.169974 0.647569 0.170304 0.647321 0.170966 0.647321 0.171296 0.647073 0.171958 0.647073 0.172288 0.646825 0.172619 0.646825 0.17295 0.646577 0.173611 0.646577 0.173942 0.646329 0.174603 0.646329 0.174934 0.646081 0.175265 0.646081 0.175595 0.645833 0.175926 0.645833 0.176587 0.645337 0.176587 0.645089 0.177249 0.644593 0.177249 0.644345 0.177579 0.644097 0.177249 0.643849 0.177249 0.643105 0.176918 0.642857 0.176918 0.642113 0.176587 0.641865 0.176587 0.641369 0.176257 0.641121 0.176257 0.640625 0.17328 0.640625 0.17295 0.640377 0.169974 0.640377 0.169643 0.640129
0 0.579696 0.638641 0.578704 0.639385 0.578704 0.639633 0.579034 0.639881 0.579034 0.641617 0.579696 0.642113 0.579696 0.642361 0.580026 0.642361 0.580357 0.642113 0.581019 0.642113 0.58168 0.641617 0.582011 0.641617 0.582011 0.641369 0.582341 0.641121 0.582341 0.639137 0.581349 0.639137 0.581019 0.638889 0.580357 0.638889 0.580026 0.638641
0 0.141534 0.636161 0.141534 0.638145 0.142196 0.638641 0.142196 0.638889 0.143188 0.639633 0.144511 0.639633 0.144841 0.639881 0.145172 0.639881 0.145172 0.637897 0.144841 0.637649 0.144841 0.636905 0.144511 0.636657 0.144511 0.636409 0.142196 0.636409 0.141865 0.636161
0 0.505291 0.631696 0.50463 0.632192 0.50463 0.63244 0.503968 0.632937 0.503968 0.633185 0.503307 0.633681 0.503307 0.633929 0.502976 0.634177 0.502976 0.636409 0.503307 0.636409 0.503638 0.636657 0.50463 0.636657 0.50496 0.636905 0.505952 0.636905 0.506614 0.637401 0.506614 0.637649 0.506944 0.637897 0.506944 0.638145 0.507275 0.638393 0.507275 0.638889 0.507606 0.639137 0.507606 0.640129 0.507937 0.640377 0.507937 0.641121 0.508267 0.641369 0.508267 0.642361 0.508598 0.642609 0.508598 0.642857 0.509259 0.642857 0.50959 0.642609 0.511243 0.642609 0.511574 0.642361 0.513228 0.642361 0.513228 0.642113 0.51455 0.641121 0.51455 0.640873 0.51422 0.640625 0.51422 0.637897 0.513889 0.637649 0.513889 0.637401 0.513558 0.637153 0.513558 0.636905 0.513228 0.636657 0.513228 0.636409 0.512897 0.636161 0.512897 0.635913 0.512566 0.635665 0.512566 0.635417 0.512235 0.635417 0.511905 0.635665 0.511574 0.635665 0.511243 0.635913 0.507606 0.635913 0.507275 0.635665 0.507275 0.633433 0.507937 0.632937 0.507937 0.632688 0.508267 0.63244 0.507606 0.63244 0.507275 0.632192 0.506944 0.632192 0.506614 0.631944 0.505952 0.631944 0.505622 0.631696
0 0.647817 0.606399 0.646495 0.607391 0.646495 0.607639 0.646164 0.607887 0.646164 0.608383 0.645833 0.608631 0.645833 0.609375 0.645503 0.609623 0.645503 0.610367 0.645172 0.610615 0.645172 0.611359 0.644841 0.611607 0.644841 0.612351 0.644511 0.612599 0.644511 0.613839 0.644841 0.614087 0.645503 0.614087 0.645833 0.614335 0.646825 0.614335 0.647156 0.614583 0.647817 0.614583 0.648148 0.614831 0.650132 0.614831 0.650463 0.615079 0.650794 0.615079 0.651124 0.615327 0.651455 0.615327 0.651786 0.615575 0.652116 0.615575 0.652447 0.615823 0.652778 0.615823 0.653108 0.616071 0.653108 0.616319 0.653439 0.616567 0.653439 0.616815 0.652778 0.617312 0.652116 0.617312 0.651786 0.617063 0.651455 0.617063 0.651124 0.616815 0.650794 0.616815 0.650463 0.616567 0.647817 0.616567 0.647487 0.616815 0.647156 0.616815 0.646825 0.617063 0.646495 0.617063 0.645833 0.61756 0.645833 0.618552 0.646164 0.6188 0.646495 0.6188 0.646825 0.619048 0.647817 0.619048 0.648148 0.619296 0.650132 0.619296 0.650463 0.619544 0.651455 0.619544 0.651786 0.619792 0.652116 0.619792 0.652778 0.620288 0.652447 0.620536 0.651786 0.620536 0.651455 0.620784 0.649802 0.620784 0.649471 0.621032 0.647817 0.621032 0.647487 0.62128 0.646164 0.62128 0.646164 0.621528 0.645833 0.621776 0.645833 0.622272 0.645503 0.62252 0.645503 0.623512 0.645833 0.62376 0.645833 0.624752 0.646164 0.625 0.646164 0.625992 0.646495 0.62624 0.646495 0.626984 0.647156 0.62748 0.647156 0.627728 0.647487 0.627976 0.647487 0.628224 0.648148 0.62872 0.648148 0.628968 0.64881 0.629464 0.64881 0.629712 0.64914 0.62996 0.64914 0.630208 0.651124 0.631696 0.651124 0.631944 0.652447 0.631944 0.652778 0.631696 0.653439 0.631696 0.65377 0.631448 0.654431 0.631448 0.654762 0.6312 0.655754 0.6312 0.656085 0.630952 0.656746 0.630952 0.657407 0.630456 0.657738 0.630456 0.658069 0.630208 0.658399 0.630208 0.659061 0.629712 0.659392 0.629712 0.660053 0.629216 0.660384 0.629216 0.660714 0.628968 0.661045 0.628968 0.661376 0.62872 0.661376 0.628472 0.661045 0.628224 0.661045 0.627232 0.660714 0.626984 0.660714 0.62624 0.660384 0.625992 0.660384 0.625744 0.660714 0.625496 0.662368 0.625496 0.662368 0.622272 0.662037 0.622024 0.662037 0.620288 0.661706 0.62004 0.661706 0.618552 0.661376 0.618304 0.661376 0.618056 0.661045 0.617808 0.661045 0.61756 0.660384 0.617063 0.660384 0.616815 0.660053 0.616567 0.660053 0.616319 0.659392 0.615823 0.659392 0.615575 0.659061 0.615327 0.659061 0.615079 0.65873 0.614831 0.65873 0.614583 0.658399 0.614335 0.658399 0.614087 0.658069 0.613839 0.658069 0.613591 0.657738 0.613343 0.657738 0.613095 0.657407 0.612847 0.657407 0.612599 0.657077 0.612351 0.657077 0.612103 0.656415 0.611607 0.656415 0.611359 0.656085 0.611111 0.656085 0.610863 0.655754 0.610615 0.655754 0.611111 0.656085 0.611359 0.656085 0.613095 0.656415 0.613343 0.656415 0.613839 0.655754 0.614335 0.655423 0.614335 0.655093 0.614583 0.654762 0.614583 0.654431 0.614831 0.654101 0.614831 0.65377 0.615079 0.651455 0.615079 0.651124 0.614831 0.650794 0.614831 0.650132 0.614335 0.650132 0.614087 0.649471 0.613591 0.649471 0.613343 0.64881 0.612847 0.64881 0.612103 0.648479 0.611855 0.648479 0.610863 0.648148 0.610615 0.648148 0.609871 0.647817 0.609623
0 0.65377 0.593254 0.65377 0.594742 0.654101 0.59499 0.654101 0.595486 0.654431 0.595486 0.654762 0.595734 0.655754 0.595734 0.656085 0.595982 0.656415 0.595982 0.656746 0.595734 0.656746 0.594246 0.656415 0.593998 0.656085 0.593998 0.655754 0.59375 0.655423 0.59375 0.655093 0.593502 0.654762 0.593502 0.654431 0.593254
0 0.669643 0.593006 0.669312 0.593254 0.668981 0.593254 0.668651 0.593502 0.668651 0.59499 0.668981 0.595238 0.668981 0.595486 0.669643 0.595982 0.669643 0.596478 0.669974 0.596726 0.669974 0.59747 0.670304 0.597222 0.670635 0.597222 0.670635 0.594246 0.670304 0.593998 0.670304 0.593006
0 0.654431 0.592014 0.654762 0.592014 0.655093 0.592262 0.655423 0.592262 0.655754 0.59251 0.656085 0.59251 0.656746 0.593006 0.657077 0.593006 0.657077 0.592262 0.656746 0.592262 0.656415 0.592014
0 0.645172 0.590774 0.645172 0.591022 0.646164 0.591766 0.646495 0.591766 0.646825 0.592014 0.647156 0.592014 0.647817 0.59251 0.648148 0.59251 0.648479 0.592758 0.64881 0.592758 0.649802 0.593502 0.650132 0.593502 0.650794 0.593998 0.650463 0.594246 0.64914 0.594246 0.648479 0.59375 0.648148 0.59375 0.647487 0.593254 0.645503 0.593254 0.645172 0.593502 0.645172 0.593998 0.645503 0.594246 0.645503 0.594494 0.645833 0.594742 0.645833 0.59499 0.646164 0.595238 0.646495 0.595238 0.646825 0.595486 0.647156 0.595486 0.647487 0.595734 0.650463 0.595734 0.650794 0.595486 0.651124 0.595486 0.651455 0.595238 0.651786 0.595238 0.651786 0.593998 0.652116 0.59375 0.651786 0.593502 0.651786 0.593254 0.651455 0.593006 0.651455 0.592758 0.651124 0.59251 0.651124 0.592262 0.650794 0.592014 0.650463 0.592014 0.649802 0.591518 0.64914 0.591518 0.64881 0.59127 0.648479 0.59127 0.648148 0.591022 0.647487 0.591022 0.647156 0.590774
0 0.660714 0.585069 0.660384 0.585317 0.660053 0.585317 0.659722 0.585565 0.659722 0.585813 0.659392 0.586062 0.659392 0.58631 0.660053 0.586806 0.660053 0.587054 0.660384 0.587302 0.660384 0.587798 0.661706 0.587798 0.662037 0.588046 0.66336 0.588046 0.66369 0.588294 0.664352 0.588294 0.665013 0.587798 0.665013 0.58755 0.665675 0.587054 0.666005 0.587054 0.666667 0.586558 0.666667 0.58631 0.665675 0.585565 0.665344 0.585565 0.665013 0.585317 0.664683 0.585317 0.664352 0.585069
0 0.651786 0.577133 0.651786 0.577877 0.652116 0.578125 0.652116 0.583581 0.650794 0.584573 0.650463 0.584325 0.64914 0.584325 0.648148 0.583581 0.648148 0.583333 0.647487 0.582837 0.647487 0.580853 0.647156 0.580605 0.647156 0.580357 0.646825 0.580109 0.646495 0.580109 0.646164 0.580357 0.645833 0.580357 0.645503 0.580605 0.645503 0.580853 0.645172 0.581101 0.645172 0.581349 0.644511 0.581845 0.644511 0.582093 0.641865 0.584077 0.641534 0.584077 0.641204 0.584325 0.641204 0.585069 0.640873 0.585317 0.641204 0.585565 0.641204 0.585813 0.641865 0.58631 0.641865 0.586558 0.642196 0.586806 0.642196 0.587054 0.642526 0.587054 0.643849 0.588046 0.64418 0.588046 0.645172 0.58879 0.645833 0.58879 0.646164 0.589038 0.646825 0.589038 0.647156 0.589286 0.647817 0.589286 0.648148 0.589534 0.64881 0.589534 0.64914 0.589782 0.652778 0.589782 0.653108 0.59003 0.654762 0.59003 0.655093 0.590278 0.656746 0.590278 0.657077 0.590526 0.658399 0.590526 0.65873 0.590774 0.659722 0.590774 0.660053 0.591022 0.659722 0.590774 0.659722 0.589782 0.659392 0.589782 0.659061 0.589534 0.657407 0.589534 0.655754 0.588294 0.655754 0.588046 0.656085 0.587798 0.658069 0.587798 0.658399 0.58755 0.658069 0.587302 0.658069 0.587054 0.657738 0.586806 0.657738 0.58631 0.657407 0.586062 0.657407 0.585813 0.657077 0.585565 0.657077 0.585069 0.656746 0.584821 0.656746 0.584573 0.656415 0.584325 0.656415 0.584077 0.656085 0.583829 0.656085 0.583333 0.655754 0.583085 0.655754 0.582837 0.655423 0.582589 0.655423 0.582341 0.655093 0.582093 0.655093 0.581597 0.654762 0.581349 0.654762 0.581101 0.654431 0.580853 0.654431 0.580357 0.654101 0.580109 0.654101 0.579861 0.65377 0.579613 0.65377 0.579365 0.653439 0.579117 0.653439 0.578621 0.653108 0.578373 0.653108 0.578125 0.652778 0.577877 0.652778 0.577381 0.652116 0.577381
0 0.654101 0.575149 0.65377 0.575397 0.65377 0.575645 0.654101 0.575893 0.654101 0.576141 0.654431 0.576389 0.654431 0.576885 0.654762 0.577133 0.654762 0.577381 0.655093 0.577629 0.655093 0.577877 0.655423 0.578125 0.655423 0.578373 0.655754 0.578621 0.655754 0.579117 0.656085 0.579365 0.656085 0.579613 0.656415 0.579861 0.656415 0.580109 0.656746 0.580357 0.656746 0.580605 0.657077 0.580605 0.657407 0.580357 0.657738 0.580357 0.658399 0.579861 0.658399 0.578621 0.658069 0.578373 0.658069 0.577381 0.657407 0.576885 0.657407 0.576637 0.656746 0.576141 0.656746 0.575893 0.656415 0.575893 0.656085 0.575645 0.655754 0.575645 0.655423 0.575397 0.655093 0.575397 0.654762 0.575149
0 0.67328 0.573413 0.67328 0.573909 0.67295 0.574157 0.67295 0.575149 0.672619 0.575397 0.671958 0.575397 0.671627 0.575149 0.671627 0.574653 0.670304 0.575645 0.669974 0.575645 0.669312 0.576141 0.668981 0.576141 0.66832 0.576637 0.667989 0.576637 0.666997 0.577381 0.666667 0.577381 0.665675 0.578125 0.665344 0.578125 0.66336 0.579613 0.66336 0.580853 0.66369 0.581101 0.66369 0.582341 0.664021 0.582589 0.664021 0.582837 0.664352 0.583085 0.664352 0.583333 0.665675 0.584325 0.665675 0.584573 0.666997 0.585565 0.667659 0.585565 0.667989 0.585317 0.668651 0.585317 0.669643 0.584573 0.669312 0.584325 0.669312 0.584077 0.668981 0.583829 0.667659 0.583829 0.667328 0.583581 0.666997 0.583581 0.666667 0.583333 0.666336 0.583333 0.665675 0.582837 0.666997 0.581845 0.667989 0.581845 0.66832 0.581597 0.671296 0.581597 0.671627 0.581349 0.672288 0.581349 0.672619 0.581101 0.672619 0.580853 0.67328 0.580357 0.67328 0.580109 0.673942 0.579613 0.673942 0.576389 0.674272 0.576141 0.674272 0.575893 0.674603 0.575645 0.674603 0.574157 0.673942 0.573661 0.673611 0.573661
0 0.665013 0.569692 0.66369 0.570685 0.66369 0.571181 0.66336 0.571429 0.66336 0.572421 0.663029 0.572669 0.663029 0.572917 0.662698 0.573165 0.662698 0.573413 0.662368 0.573661 0.662368 0.575397 0.662698 0.575397 0.665013 0.573661 0.665344 0.573661 0.666336 0.572917 0.666667 0.572917 0.667989 0.571925 0.667989 0.571429 0.66832 0.571181 0.66832 0.570685 0.666997 0.569692
0 0.664352 0.562748 0.664352 0.564236 0.664683 0.564484 0.665344 0.564484 0.665675 0.564236 0.666005 0.564236 0.666667 0.56374 0.666667 0.563492 0.665675 0.562748
0 0.677249 0.562252 0.676587 0.562748 0.675926 0.562748 0.675265 0.563244 0.674934 0.563244 0.674603 0.563492 0.674603 0.564732 0.674272 0.56498 0.674272 0.565724 0.674603 0.565972 0.674934 0.565972 0.675595 0.566468 0.675926 0.566468 0.676257 0.566716 0.676918 0.566716 0.677249 0.566468 0.677249 0.56622 0.67791 0.565724 0.67791 0.565476 0.678241 0.565228 0.678241 0.56374 0.67791 0.563492 0.67791 0.562996 0.677249 0.5625
0 0.675265 0.560268 0.675265 0.56126 0.675595 0.561508 0.675926 0.561508 0.676257 0.561756 0.676587 0.561756 0.676587 0.561508 0.675926 0.561012 0.675926 0.560764
0 0.667989 0.558284 0.667328 0.55878 0.667328 0.559028 0.666997 0.559276 0.666997 0.559524 0.666336 0.56002 0.666336 0.560268 0.666005 0.560516 0.666005 0.561012 0.666336 0.56126 0.666336 0.561508 0.666667 0.561756 0.666997 0.561756 0.667659 0.562252 0.667989 0.562252 0.66832 0.5625 0.669643 0.5625 0.669974 0.562748 0.670304 0.5625 0.671296 0.5625 0.671627 0.562252 0.671958 0.562252 0.671958 0.561756 0.672288 0.561508 0.672288 0.560516 0.672619 0.560268 0.672619 0.559276 0.67295 0.559028 0.67295 0.55878 0.672619 0.55878 0.672288 0.558532 0.669643 0.558532 0.669312 0.558284
0 0.675926 0.557292 0.676257 0.55754 0.676257 0.557788 0.676918 0.558284 0.676918 0.558532 0.677249 0.55878 0.677249 0.559028 0.677579 0.559276 0.677579 0.559524 0.678241 0.56002 0.678241 0.560268 0.678571 0.560516 0.678571 0.560764 0.678902 0.561012 0.678902 0.56126 0.679563 0.561756 0.679563 0.562004 0.679894 0.562252 0.679894 0.5625 0.680225 0.562748 0.681548 0.561756 0.681548 0.56126 0.681217 0.561012 0.681217 0.560764 0.680556 0.560268 0.680556 0.56002 0.676918 0.557292
0 0.531415 0.548611 0.531085 0.548859 0.530754 0.548859 0.530423 0.549107 0.530093 0.549107 0.529762 0.549355 0.529431 0.549355 0.52877 0.549851 0.528439 0.549851 0.528108 0.550099 0.525794 0.550099 0.525463 0.550347 0.524471 0.550347 0.52381 0.550843 0.523479 0.550843 0.523148 0.551091 0.522817 0.551091 0.522156 0.551587 0.521825 0.551587 0.520833 0.552331 0.520503 0.552331 0.519511 0.553075 0.519511 0.553323 0.51918 0.553571 0.51918 0.554315 0.518849 0.554563 0.518849 0.556548 0.517526 0.55754 0.517526 0.557788 0.516865 0.558284 0.516865 0.558532 0.516534 0.55878 0.516534 0.559028 0.516204 0.559276 0.516204 0.560268 0.516534 0.560516 0.516534 0.560764 0.517196 0.56126 0.517196 0.561508 0.517857 0.562004 0.517857 0.562252 0.518519 0.562252 0.518849 0.562004 0.519511 0.562004 0.520833 0.561012 0.521164 0.56126 0.521164 0.563988 0.521495 0.564236 0.521495 0.565476 0.521825 0.565724 0.522156 0.565724 0.522817 0.56622 0.526124 0.56622 0.526455 0.565972 0.526786 0.565972 0.527116 0.565724 0.527116 0.565476 0.528439 0.564484 0.528439 0.564236 0.52877 0.563988 0.52877 0.563492 0.529101 0.563244 0.529101 0.562748 0.529431 0.5625 0.529431 0.562004 0.530093 0.561508 0.530754 0.561508 0.531085 0.56126 0.531415 0.56126 0.531746 0.561012 0.532077 0.561012 0.533069 0.560268 0.533069 0.56002 0.53373 0.559524 0.53373 0.55878 0.534061 0.558532 0.534061 0.557292 0.534392 0.557044 0.534392 0.556052 0.534722 0.555804 0.534722 0.55506 0.535053 0.554812 0.535053 0.553819 0.535384 0.553571 0.535384 0.552827 0.535714 0.552579 0.535714 0.551835 0.536045 0.551587 0.536045 0.551339 0.534722 0.552331 0.534722 0.552579 0.534061 0.553075 0.534061 0.553323 0.53373 0.553571 0.53373 0.553819 0.531415 0.555556 0.531085 0.555556 0.530754 0.555308 0.530754 0.554812 0.531085 0.554563 0.531085 0.554315 0.531415 0.554067 0.531415 0.553323 0.531746 0.553075 0.531746 0.552083 0.532077 0.551835 0.532077 0.551339 0.532407 0.551091 0.532407 0.550843 0.532738 0.550595 0.532738 0.550099 0.533069 0.549851 0.533069 0.549355 0.533399 0.549107 0.533399 0.548859 0.532407 0.548859 0.532077 0.548611
0 0.669312 0.540923 0.668981 0.541171 0.668651 0.541171 0.66832 0.541419 0.66832 0.541667 0.667659 0.542163 0.667659 0.542411 0.666997 0.542907 0.666997 0.543155 0.666667 0.543403 0.666667 0.543899 0.666336 0.544147 0.666336 0.544891 0.666005 0.545139 0.666336 0.545387 0.666336 0.548363 0.664021 0.550099 0.664021 0.551091 0.665013 0.551835 0.665013 0.553075 0.664683 0.553323 0.664683 0.555556 0.665013 0.555804 0.665013 0.557044 0.664683 0.557292 0.664352 0.557292 0.664021 0.55754 0.66369 0.55754 0.66369 0.558284 0.665344 0.557044 0.665344 0.5563 0.665675 0.556052 0.665675 0.554812 0.666005 0.554563 0.666005 0.554315 0.666667 0.553819 0.666667 0.553571 0.667328 0.553075 0.667328 0.552827 0.667659 0.552579 0.667659 0.551835 0.667989 0.551587 0.667989 0.550843 0.66832 0.550595 0.66832 0.550099 0.668651 0.549851 0.668651 0.549107 0.668981 0.548859 0.668981 0.548363 0.669312 0.548115 0.669312 0.547867 0.669643 0.547619 0.669643 0.547371 0.669974 0.547123 0.669974 0.546379 0.670304 0.546131 0.670304 0.544643 0.670635 0.544395 0.670635 0.542163 0.670966 0.541915 0.670966 0.540923
0 0.544312 0.534226 0.543651 0.534722 0.54332 0.534722 0.542659 0.535218 0.542328 0.535218 0.541997 0.535466 0.541667 0.535466 0.541336 0.535714 0.541336 0.535962 0.541005 0.53621 0.541005 0.536458 0.540675 0.536706 0.540675 0.536954 0.540344 0.537202 0.540344 0.539187 0.541336 0.539187 0.544312 0.536954 0.544312 0.536706 0.545635 0.535714 0.545635 0.535466 0.545304 0.535218 0.545304 0.53497 0.544643 0.534474 0.544643 0.534226
0 0.497685 0.505952 0.497354 0.5062 0.497024 0.5062 0.496032 0.506944 0.496032 0.507192 0.495701 0.50744 0.495701 0.507688 0.49537 0.507937 0.49537 0.508185 0.49504 0.508433 0.49504 0.508929 0.49537 0.509177 0.49537 0.509425 0.495701 0.509673 0.495701 0.509921 0.496032 0.510169 0.496032 0.510417 0.496362 0.510665 0.496362 0.510913 0.496693 0.510665 0.498016 0.510665 0.498347 0.510417 0.498677 0.510417 0.498677 0.509921 0.498347 0.509673 0.498347 0.507688 0.498016 0.50744 0.498016 0.5062
0 0.45205 0.480407 0.45172 0.480655 0.451058 0.480655 0.450728 0.480903 0.450066 0.480903 0.449735 0.481151 0.449074 0.481151 0.448743 0.481399 0.448743 0.481647 0.449074 0.481895 0.449074 0.482143 0.449405 0.482391 0.449405 0.482639 0.449735 0.482887 0.449735 0.483383 0.450066 0.483631 0.450066 0.483879 0.450397 0.484127 0.450397 0.484375 0.450728 0.484623 0.450728 0.484871 0.451058 0.485119 0.451058 0.485367 0.451389 0.485615 0.451389 0.485863 0.45172 0.486111 0.45172 0.486359 0.453042 0.487351 0.453042 0.487599 0.454696 0.488839 0.454696 0.489087 0.456349 0.490327 0.456349 0.490575 0.45668 0.490327 0.45668 0.490079 0.457011 0.489831 0.457011 0.489583 0.457341 0.489335 0.457341 0.489087 0.458003 0.488591 0.458003 0.488343 0.458333 0.488095 0.458333 0.487599 0.458003 0.487351 0.458003 0.487103 0.457341 0.486607 0.457341 0.486359 0.456349 0.485615 0.456349 0.485367 0.455688 0.484871 0.455688 0.484623 0.454696 0.483879 0.454696 0.483631 0.454365 0.483383 0.454365 0.483135 0.454034 0.482887 0.454034 0.482639 0.453704 0.482391 0.453704 0.482143 0.453373 0.481895 0.453373 0.481647 0.452712 0.481151 0.452712 0.480903 0.452381 0.480655 0.452381 0.480407
0 0.474868 0.470982 0.473876 0.471726 0.473876 0.471974 0.473214 0.47247 0.473214 0.473462 0.473545 0.47371 0.473545 0.474702 0.473876 0.47495 0.473876 0.475942 0.474206 0.475942 0.474537 0.475694 0.475529 0.475694 0.47586 0.475446 0.47586 0.474702 0.47619 0.474454 0.47619 0.473214 0.476521 0.472966 0.476521 0.472718 0.476852 0.47247 0.476852 0.472222 0.477183 0.471974 0.477183 0.471726 0.477513 0.471478 0.477513 0.47123 0.47619 0.47123 0.47586 0.470982
0 0.512566 0.454365 0.512235 0.454613 0.511905 0.454613 0.511574 0.454861 0.510913 0.454861 0.510582 0.455109 0.510251 0.455109 0.509921 0.455357 0.509921 0.456101 0.510251 0.456349 0.510251 0.457837 0.510582 0.457837 0.510913 0.458085 0.512566 0.458085 0.512897 0.458333 0.513889 0.458333 0.51422 0.458085 0.51422 0.457837 0.514881 0.457341 0.514881 0.457093 0.515212 0.456845 0.515212 0.456349 0.51422 0.455605 0.51422 0.455357 0.513228 0.454613 0.513228 0.454365
0 0.487765 0.398065 0.487765 0.398562 0.487434 0.39881 0.487434 0.402282 0.487765 0.40253 0.487765 0.405506 0.488095 0.405754 0.488095 0.407738 0.488426 0.407986 0.488426 0.408978 0.488757 0.409226 0.488757 0.410218 0.489087 0.410466 0.489087 0.411458 0.489418 0.411706 0.489418 0.41245 0.489749 0.412698 0.489749 0.412946 0.49041 0.413442 0.49041 0.41369 0.490741 0.413938 0.490741 0.414187 0.491402 0.414683 0.491402 0.414931 0.492063 0.415427 0.492063 0.415675 0.492394 0.415923 0.492394 0.416171 0.493056 0.416667 0.493056 0.416915 0.493717 0.417411 0.493717 0.417659 0.494048 0.417907 0.494048 0.418155 0.49537 0.418155 0.495701 0.417907 0.495701 0.417659 0.496032 0.417411 0.496032 0.416419 0.496362 0.416171 0.496362 0.415427 0.496693 0.415179 0.496693 0.41121 0.496362 0.410962 0.496362 0.410714 0.496032 0.410466 0.496032 0.410218 0.495701 0.40997 0.495701 0.409722 0.49537 0.409474 0.49537 0.409226 0.49504 0.408978 0.49504 0.408482 0.494709 0.408234 0.494709 0.407986 0.494378 0.407738 0.494378 0.406994 0.494048 0.406746 0.494048 0.406002 0.493717 0.405754 0.493717 0.40501 0.493386 0.404762 0.493386 0.40377 0.493056 0.403522 0.493056 0.401786 0.492394 0.40129 0.492394 0.401042 0.491733 0.400546 0.491733 0.400298 0.491402 0.40005 0.491402 0.399802 0.490741 0.399306 0.490741 0.399058 0.490079 0.398562 0.490079 0.398313 0.489749 0.398313 0.489418 0.398065
0 0.505952 0.388889 0.505622 0.389137 0.505291 0.389137 0.505291 0.389385 0.50496 0.389633 0.50496 0.390129 0.50463 0.390377 0.50463 0.390873 0.504299 0.391121 0.504299 0.391369 0.503968 0.391617 0.503968 0.391865 0.50496 0.391865 0.50496 0.391617 0.505622 0.391121 0.505622 0.390873 0.505952 0.390625 0.505952 0.390377 0.506283 0.390129 0.506283 0.389881 0.506614 0.389633 0.506614 0.388889
0 0.490079 0.387153 0.489749 0.387401 0.489418 0.387401 0.488757 0.387897 0.488426 0.387897 0.488095 0.388145 0.487765 0.388145 0.487434 0.388393 0.487765 0.388641 0.487765 0.390377 0.488095 0.390625 0.488095 0.391121 0.488426 0.391369 0.488426 0.392113 0.489087 0.392609 0.489418 0.392609 0.490079 0.393105 0.49041 0.393105 0.490741 0.393353 0.491733 0.393353 0.492063 0.393601 0.492725 0.393601 0.493056 0.393849 0.493386 0.393849 0.493717 0.393601 0.494048 0.393601 0.494709 0.393105 0.49504 0.393105 0.49537 0.392857 0.49537 0.392361 0.495701 0.392113 0.495701 0.391369 0.496032 0.391121 0.496032 0.390625 0.494709 0.389633 0.494378 0.389633 0.492725 0.388393 0.492394 0.388393 0.491071 0.387401 0.490741 0.387401 0.49041 0.387153
0 0.504299 0.386905 0.503638 0.387401 0.503638 0.387649 0.503307 0.387897 0.503307 0.388145 0.502646 0.388641 0.502646 0.388889 0.500992 0.390129 0.500661 0.390129 0.500661 0.390377 0.5 0.390873 0.5 0.391121 0.499669 0.391369 0.499669 0.391617 0.499339 0.391865 0.499339 0.392113 0.499008 0.392361 0.499008 0.392609 0.498347 0.393105 0.498347 0.393353 0.496693 0.394593 0.496693 0.394841 0.496032 0.395337 0.496032 0.39881 0.496362 0.399058 0.497024 0.399058 0.497354 0.399306 0.498347 0.399306 0.498677 0.399554 0.500661 0.399554 0.500992 0.399802 0.501653 0.399802 0.502315 0.399306 0.502315 0.399058 0.503638 0.398065 0.503638 0.397073 0.503307 0.396825 0.503307 0.393105 0.502976 0.392857 0.502976 0.392609 0.501984 0.391865 0.502315 0.391617 0.502315 0.391369 0.502646 0.391121 0.502646 0.390873 0.502976 0.390625 0.502976 0.390377 0.503307 0.390129 0.503307 0.389633 0.503638 0.389385 0.503638 0.388889 0.503968 0.388641 0.503968 0.388145 0.504299 0.387897
0 0.566468 0.384425 0.566138 0.384673 0.565807 0.384673 0.565476 0.384921 0.565146 0.384921 0.564815 0.385169 0.564484 0.385169 0.564153 0.385417 0.563823 0.385417 0.563161 0.385913 0.562831 0.385913 0.562169 0.386409 0.561839 0.386409 0.558862 0.388641 0.558862 0.389881 0.559854 0.389881 0.560185 0.390129 0.561177 0.390129 0.561508 0.389881 0.562831 0.389881 0.563161 0.389633 0.563823 0.389633 0.564153 0.389385 0.564484 0.389385 0.564815 0.389137 0.565146 0.389137 0.565476 0.388889 0.565476 0.388393 0.566468 0.387649 0.56713 0.387649 0.56746 0.387401 0.567791 0.387401 0.567791 0.386409 0.568122 0.386161 0.567791 0.385913 0.567791 0.384425
0 0.49041 0.382688 0.49041 0.384921 0.490741 0.385169 0.490741 0.385417 0.492394 0.386657 0.493056 0.386657 0.493386 0.386905 0.493717 0.386905 0.496693 0.389137 0.497024 0.389137 0.497354 0.388889 0.497354 0.388641 0.498347 0.387897 0.498016 0.387649 0.498016 0.387401 0.496693 0.386409 0.496693 0.386161 0.496032 0.385665 0.496032 0.385417 0.49537 0.384921 0.49537 0.384673 0.49504 0.384425 0.49504 0.384177 0.494378 0.383681 0.494048 0.383681 0.493056 0.382937 0.492063 0.382937 0.491733 0.382688
0 0.545635 0.381696 0.545635 0.383433 0.548611 0.385665 0.548942 0.385665 0.549272 0.385913 0.549603 0.385913 0.549934 0.386161 0.550265 0.386161 0.550595 0.386409 0.550926 0.386409 0.551257 0.386657 0.551587 0.386657 0.551918 0.386905 0.55291 0.386905 0.553241 0.387153 0.553902 0.387153 0.554233 0.387401 0.554563 0.387401 0.554563 0.387153 0.555225 0.386657 0.554233 0.385913 0.553902 0.385913 0.553241 0.385417 0.55291 0.385417 0.551918 0.384673 0.551587 0.384673 0.550926 0.384177 0.550595 0.384177 0.549603 0.383433 0.549272 0.383433 0.548611 0.382937 0.54828 0.382937 0.547288 0.382192 0.546958 0.382192 0.546296 0.381696
0 0.56746 0.380704 0.566138 0.381696 0.566138 0.381944 0.565476 0.38244 0.565476 0.382688 0.565146 0.382937 0.565146 0.383185 0.565476 0.382937 0.565807 0.382937 0.566138 0.382688 0.566799 0.382688 0.567791 0.381944 0.567791 0.3812 0.56746 0.380952
0 0.546296 0.37996 0.545966 0.380208 0.546296 0.380208 0.546958 0.380704 0.547288 0.380704 0.54828 0.381448 0.548611 0.381448 0.549272 0.381944 0.549603 0.381944 0.550595 0.382688 0.550926 0.382688 0.551918 0.383433 0.552249 0.383433 0.55291 0.383929 0.553241 0.383929 0.554233 0.384673 0.554563 0.384673 0.555225 0.385169 0.555225 0.384921 0.555556 0.384673 0.555556 0.383681 0.555225 0.383681 0.554894 0.383433 0.554563 0.383433 0.554233 0.383185 0.553902 0.383185 0.553241 0.382688 0.55291 0.382688 0.552579 0.38244 0.552249 0.38244 0.551587 0.381944 0.551257 0.381944 0.550926 0.381696 0.550595 0.381696 0.550265 0.381448 0.549934 0.381448 0.549272 0.380952 0.548942 0.380952 0.548611 0.380704 0.54828 0.380704 0.54795 0.380456 0.547619 0.380456 0.546958 0.37996
0 0.565807 0.378968 0.565807 0.379216 0.565476 0.379464 0.565476 0.379712 0.565146 0.37996 0.565146 0.380208 0.564484 0.380704 0.564484 0.380952 0.564153 0.3812 0.564153 0.381448 0.563823 0.381696 0.563823 0.381944 0.563161 0.38244 0.563161 0.382688 0.562831 0.382937 0.562831 0.383185 0.5625 0.383433 0.5625 0.383681 0.561839 0.384177 0.562169 0.384425 0.5625 0.384177 0.5625 0.383929 0.563161 0.383433 0.563161 0.383185 0.563823 0.382688 0.563823 0.38244 0.564484 0.381944 0.564484 0.381696 0.565476 0.380952 0.565476 0.380704 0.566138 0.380208 0.566138 0.37996 0.566468 0.379712 0.566468 0.379216 0.566138 0.378968
0 0.561177 0.372768 0.561177 0.374256 0.560847 0.374504 0.560847 0.377232 0.560516 0.37748 0.560516 0.37996 0.560185 0.380208 0.560185 0.382688 0.559854 0.382937 0.559854 0.384177 0.560847 0.384177 0.560847 0.383929 0.561177 0.383681 0.561177 0.383433 0.561508 0.383185 0.561508 0.382937 0.561839 0.382688 0.561839 0.38244 0.562169 0.382192 0.562169 0.381944 0.5625 0.381696 0.5625 0.381448 0.562831 0.3812 0.562831 0.380952 0.563161 0.380704 0.563161 0.380456 0.563492 0.380208 0.563492 0.37996 0.563823 0.379712 0.563823 0.379464 0.564484 0.378968 0.564484 0.37872 0.564815 0.378472 0.564815 0.378224 0.565146 0.377976 0.565146 0.377728 0.565476 0.37748 0.565476 0.377232 0.565807 0.376984 0.565807 0.37624 0.566138 0.375992 0.566138 0.375496 0.563823 0.37376 0.563492 0.37376 0.562831 0.373264 0.5625 0.373264 0.562169 0.373016 0.561839 0.373016 0.561508 0.372768
0 0.556878 0.372768 0.556548 0.373016 0.556217 0.373016 0.555886 0.373264 0.555225 0.373264 0.554894 0.373512 0.554563 0.373512 0.554233 0.37376 0.553902 0.37376 0.553571 0.374008 0.553241 0.374008 0.55291 0.374256 0.552579 0.374256 0.552249 0.374504 0.551918 0.374504 0.550926 0.375248 0.550595 0.375248 0.549603 0.375992 0.549272 0.375992 0.547619 0.377232 0.547619 0.377976 0.547288 0.378224 0.547288 0.378968 0.547619 0.379216 0.54828 0.379216 0.548611 0.379464 0.548942 0.379464 0.549272 0.379712 0.549603 0.379712 0.549934 0.37996 0.550265 0.37996 0.550595 0.380208 0.551257 0.380208 0.551587 0.380456 0.551918 0.380456 0.552579 0.380952 0.55291 0.380952 0.553241 0.3812 0.553571 0.3812 0.554233 0.381696 0.554563 0.381696 0.554894 0.381944 0.555225 0.381944 0.555556 0.382192 0.555886 0.382192 0.555886 0.3812 0.556217 0.380952 0.556217 0.378968 0.556548 0.37872 0.556548 0.376984 0.556878 0.376736
0 0.016865 0.354415 0.016865 0.355903 0.016534 0.356151 0.016534 0.363343 0.016865 0.363591 0.016865 0.363839 0.017526 0.364335 0.017526 0.364583 0.017857 0.364831 0.017857 0.365079 0.018188 0.365327 0.018188 0.365575 0.018519 0.365823 0.018519 0.366071 0.01918 0.366567 0.019511 0.366567 0.019841 0.366815 0.020503 0.366815 0.020833 0.367063 0.021164 0.367063 0.021164 0.364335 0.021495 0.364087 0.021495 0.360615 0.021164 0.360367 0.021164 0.360119 0.020833 0.359871 0.020833 0.359375 0.020503 0.359127 0.020503 0.358879 0.020172 0.358631 0.020172 0.358135 0.019841 0.357887 0.019841 0.357639 0.019511 0.357391 0.019511 0.355159 0.01918 0.355159 0.018849 0.354911 0.018188 0.354911 0.017857 0.354663 0.017526 0.354663 0.017196 0.354415
0 0.010251 0.353919 0.009921 0.354167 0.00959 0.354167 0.009259 0.354415 0.008929 0.354415 0.008267 0.354911 0.007937 0.354911 0.007606 0.355159 0.008267 0.355655 0.008267 0.355903 0.008929 0.356399 0.008929 0.356647 0.00959 0.357143 0.00959 0.357391 0.009921 0.357639 0.009921 0.357887 0.010251 0.358135 0.010251 0.358879 0.010582 0.359127 0.010582 0.359871 0.010913 0.360119 0.010913 0.360863 0.011243 0.361111 0.011243 0.361607 0.011574 0.361855 0.011574 0.362103 0.012897 0.363095 0.012897 0.363343 0.013889 0.364087 0.013889 0.365079 0.01422 0.365327 0.01422 0.366567 0.01455 0.366815 0.01455 0.367312 0.01455 0.367063 0.014881 0.366815 0.014881 0.366567 0.015212 0.366319 0.015212 0.365823 0.015542 0.365575 0.015542 0.365327 0.015873 0.365079 0.015542 0.364831 0.015542 0.364335 0.015212 0.364087 0.015212 0.363591 0.014881 0.363343 0.014881 0.362847 0.01455 0.362599 0.01455 0.362103 0.01422 0.361855 0.01422 0.361359 0.013889 0.361111 0.013889 0.360367 0.013558 0.360119 0.013558 0.358879 0.013228 0.358631 0.013228 0.357391 0.012897 0.357143 0.012897 0.355903 0.012235 0.355407 0.012235 0.355159 0.010913 0.354167 0.010913 0.353919
0 0.524471 0.344742 0.524471 0.34623 0.524802 0.346478 0.524802 0.346726 0.526124 0.347718 0.526124 0.349206 0.525794 0.349454 0.525794 0.350198 0.528439 0.352183 0.528439 0.352431 0.529101 0.352927 0.529101 0.353175 0.529762 0.353671 0.529762 0.353919 0.531085 0.354911 0.531085 0.355159 0.532407 0.356151 0.532738 0.355903 0.532738 0.352431 0.531746 0.351687 0.531746 0.351438 0.530093 0.350198 0.530093 0.34995 0.52877 0.348958 0.52877 0.34871 0.527447 0.347718 0.527447 0.34747 0.526124 0.346478 0.526124 0.34623 0.524802 0.345238 0.524802 0.34499
0 0.161045 0.33755 0.161045 0.341766 0.161376 0.341766 0.162037 0.342262 0.162368 0.342262 0.163029 0.342758 0.16336 0.342758 0.164021 0.343254 0.164352 0.343254 0.164683 0.343502 0.165344 0.343502 0.166667 0.34251 0.166997 0.34251 0.167328 0.342262 0.167328 0.339038 0.166336 0.338294 0.166005 0.338294 0.165013 0.33755
0 0.526786 0.326885 0.526455 0.327133 0.526455 0.327629 0.526124 0.327877 0.527116 0.328621 0.527116 0.328869 0.528108 0.329613 0.528108 0.329861 0.531415 0.332341 0.531746 0.332341 0.532077 0.332589 0.532407 0.332589 0.532738 0.332837 0.533399 0.332837 0.53373 0.333085 0.535053 0.333085 0.535384 0.332837 0.535714 0.332837 0.536045 0.332589 0.536706 0.332589 0.537037 0.332341 0.53836 0.332341 0.53869 0.332589 0.539352 0.332589 0.537698 0.331349 0.537698 0.331101 0.537368 0.331101 0.536706 0.330605 0.536376 0.330605 0.536045 0.330357 0.535714 0.330357 0.535053 0.329861 0.534722 0.329861 0.534392 0.329613 0.534061 0.329613 0.53373 0.329365 0.533399 0.329365 0.532738 0.328869 0.532407 0.328869 0.532077 0.328621 0.531746 0.328621 0.531415 0.328373 0.531085 0.328373 0.530754 0.328125 0.530423 0.328125 0.530093 0.327877 0.529762 0.327877 0.529431 0.327629 0.529101 0.327629 0.52877 0.327381 0.528108 0.327381 0.527778 0.327133 0.527447 0.327133 0.527116 0.326885
0 0.520833 0.326141 0.520833 0.326637 0.520503 0.326885 0.520503 0.328621 0.520172 0.328869 0.520172 0.330605 0.519841 0.330853 0.519841 0.331845 0.520172 0.332093 0.520172 0.332589 0.520503 0.332837 0.520503 0.333085 0.520833 0.333333 0.520833 0.333829 0.521164 0.334077 0.521164 0.334325 0.521825 0.334821 0.521825 0.335069 0.522487 0.335565 0.522487 0.335813 0.523479 0.336558 0.523479 0.336806 0.52381 0.337054 0.52381 0.337302 0.524471 0.337798 0.524471 0.338046 0.524802 0.338294 0.524802 0.338542 0.525463 0.339038 0.525463 0.339286 0.525794 0.339534 0.525794 0.339782 0.52877 0.342014 0.529101 0.342014 0.530754 0.343254 0.531085 0.343254 0.532738 0.344494 0.532738 0.344742 0.533399 0.345238 0.533399 0.345486 0.534061 0.345982 0.534061 0.34623 0.534722 0.346726 0.534722 0.347222 0.535053 0.34747 0.535053 0.347718 0.535384 0.347966 0.535384 0.348214 0.535714 0.348462 0.535714 0.34871 0.536045 0.348958 0.536045 0.349206 0.536376 0.349454 0.536376 0.349702 0.536376 0.345982 0.536706 0.345734 0.536706 0.343502 0.536376 0.343254 0.536376 0.343006 0.536045 0.342758 0.536045 0.34251 0.535714 0.342262 0.535714 0.342014 0.535384 0.341766 0.535384 0.341518 0.535053 0.34127 0.535053 0.341022 0.534061 0.340278 0.534061 0.34003 0.533399 0.339534 0.533399 0.339286 0.532407 0.338542 0.532407 0.338294 0.531415 0.33755 0.531415 0.337302 0.530423 0.336558 0.529762 0.336558 0.529431 0.336806 0.529101 0.336806 0.528108 0.33755 0.528108 0.337798 0.527447 0.338294 0.526455 0.33755 0.526455 0.337302 0.526786 0.337054 0.526786 0.336806 0.527116 0.336558 0.527116 0.33631 0.529101 0.334821 0.528439 0.334325 0.528439 0.334077 0.526786 0.332837 0.526786 0.332589 0.526124 0.332093 0.526124 0.331845 0.525794 0.331597 0.525794 0.331101 0.525463 0.330853 0.525463 0.330605 0.525132 0.330357 0.525132 0.329861 0.524471 0.329365 0.524471 0.329117 0.521495 0.326885 0.521495 0.326637
0 0.507275 0.325149 0.506944 0.325397 0.506944 0.325893 0.506614 0.326141 0.506614 0.326885 0.506944 0.327133 0.506944 0.327629 0.507275 0.327877 0.507275 0.328373 0.507606 0.328621 0.507606 0.329117 0.507937 0.329365 0.507937 0.329613 0.508267 0.329861 0.508267 0.330109 0.508598 0.330357 0.508598 0.330605 0.508929 0.330853 0.508929 0.331101 0.509259 0.331349 0.509259 0.331597 0.50959 0.331845 0.50959 0.332093 0.509921 0.332341 0.509921 0.332589 0.510251 0.332837 0.510251 0.333085 0.510582 0.333333 0.510582 0.333581 0.511243 0.334077 0.511905 0.334077 0.512235 0.334325 0.512566 0.334325 0.512897 0.334573 0.513558 0.334573 0.513889 0.334821 0.51422 0.334821 0.51455 0.335069 0.515212 0.335069 0.515873 0.335565 0.516204 0.335565 0.517196 0.33631 0.517526 0.33631 0.518188 0.336806 0.518519 0.336806 0.522817 0.34003 0.523148 0.34003 0.524471 0.341022 0.52381 0.340526 0.52381 0.340278 0.522817 0.339534 0.522817 0.339286 0.522156 0.33879 0.522156 0.338542 0.521164 0.337798 0.521164 0.33755 0.520503 0.337054 0.520503 0.336806 0.519511 0.336062 0.519511 0.335813 0.518849 0.335317 0.518849 0.335069 0.517857 0.334325 0.517857 0.334077 0.517196 0.333581 0.517196 0.333333 0.516204 0.332589 0.516204 0.332341 0.515542 0.331845 0.515542 0.331597 0.509259 0.326885 0.509259 0.326637
0 0.510582 0.324157 0.50959 0.324901 0.509921 0.325149 0.510251 0.325149 0.511574 0.326141 0.511905 0.326141 0.512897 0.326885 0.513228 0.326885 0.51455 0.327877 0.514881 0.327877 0.516204 0.328869 0.516534 0.328869 0.516865 0.329117 0.516865 0.328621 0.517196 0.328373 0.517196 0.327877 0.517526 0.327629 0.517526 0.327133 0.517857 0.326885 0.517857 0.326389 0.518188 0.326141 0.518188 0.325645 0.51422 0.325645 0.513889 0.325397 0.513558 0.325397 0.512897 0.324901 0.512566 0.324901 0.511905 0.324405 0.511574 0.324405 0.511243 0.324157
0 0.532077 0.31622 0.531746 0.316468 0.531746 0.316964 0.531415 0.317212 0.531415 0.31746 0.531085 0.317708 0.531085 0.3187 0.530754 0.318948 0.530754 0.31994 0.529101 0.321181 0.52877 0.321181 0.528439 0.321429 0.528439 0.325645 0.529431 0.325645 0.529762 0.325893 0.530423 0.325893 0.531085 0.326389 0.531415 0.326389 0.532077 0.326885 0.532407 0.326885 0.532738 0.327133 0.533069 0.327133 0.533399 0.327381 0.53373 0.327381 0.534061 0.327629 0.534392 0.327629 0.535053 0.328125 0.535384 0.328125 0.535714 0.328373 0.536045 0.328373 0.536376 0.328621 0.536706 0.328621 0.537698 0.329365 0.538029 0.329365 0.541336 0.331845 0.541336 0.332837 0.541667 0.333085 0.541667 0.334077 0.542328 0.333581 0.542659 0.333581 0.543651 0.332837 0.543651 0.332589 0.543981 0.332341 0.543981 0.332093 0.544643 0.331597 0.544643 0.331349 0.544974 0.331101 0.544643 0.330853 0.544312 0.330853 0.543981 0.330605 0.543651 0.330605 0.54332 0.330357 0.542989 0.330357 0.542659 0.330109 0.542328 0.330109 0.541997 0.329861 0.541667 0.329861 0.541336 0.329613 0.541005 0.329613 0.540675 0.329365 0.540013 0.329365 0.539683 0.329117 0.539021 0.329117 0.536706 0.327381 0.536706 0.326885 0.536376 0.326637 0.536376 0.325893 0.536706 0.325645 0.536706 0.325397 0.537368 0.324901 0.537368 0.324157 0.537037 0.323909 0.537037 0.321925 0.537368 0.321677 0.537368 0.321429 0.537698 0.321181 0.537698 0.320933 0.538029 0.320685 0.538029 0.319692 0.535384 0.317708 0.535384 0.31746 0.534392 0.316716 0.534392 0.316468 0.533399 0.316468 0.533069 0.31622
0 0.377315 0.228423 0.377315 0.230159 0.377646 0.230407 0.377646 0.241319 0.378968 0.241319 0.379299 0.241567 0.382606 0.241567 0.384259 0.242808 0.38459 0.242808 0.385582 0.243552 0.385582 0.244048 0.385251 0.244296 0.385251 0.244544 0.38459 0.24504 0.38459 0.245288 0.384259 0.245536 0.384259 0.245784 0.383929 0.246032 0.383929 0.24628 0.383598 0.246528 0.383598 0.246776 0.383267 0.247024 0.383598 0.247024 0.383929 0.246776 0.385251 0.246776 0.385582 0.246528 0.387235 0.246528 0.387566 0.24628 0.388889 0.24628 0.38922 0.246032 0.389881 0.246032 0.394511 0.24256 0.394511 0.242063 0.394841 0.241815 0.394841 0.240327 0.395172 0.240079 0.395172 0.238591 0.395503 0.238343 0.395503 0.238095 0.395172 0.237847 0.395172 0.237599 0.394841 0.237351 0.394841 0.237103 0.39418 0.236607 0.39418 0.236359 0.393849 0.236111 0.393849 0.235863 0.393519 0.235615 0.393519 0.235367 0.392857 0.234871 0.392857 0.234623 0.392526 0.234375 0.392526 0.234127 0.391865 0.233631 0.391865 0.233383 0.390873 0.232639 0.390873 0.232391 0.390212 0.231895 0.390212 0.231647 0.38955 0.231151 0.38955 0.230903 0.388889 0.230407 0.383267 0.230407 0.382937 0.230159 0.382275 0.230159 0.381944 0.229911 0.381614 0.229911 0.381283 0.229663 0.380952 0.229663 0.380622 0.229415 0.37996 0.229415 0.37963 0.229167 0.379299 0.229167 0.378968 0.228919 0.378638 0.228919 0.378307 0.228671 0.377646 0.228671
0 0.372024 0.226687 0.371693 0.226935 0.371693 0.227183 0.371032 0.227679 0.371032 0.227927 0.37004 0.228671 0.37004 0.228919 0.369378 0.229415 0.369378 0.229663 0.368717 0.230159 0.368717 0.230407 0.367725 0.231151 0.367725 0.231399 0.367063 0.231895 0.366733 0.231895 0.366402 0.232143 0.365741 0.232143 0.36541 0.232391 0.364418 0.232391 0.364087 0.232639 0.363426 0.232639 0.363095 0.232887 0.362434 0.232887 0.362103 0.233135 0.361442 0.233135 0.361111 0.233383 0.36045 0.233383 0.36045 0.239087 0.360119 0.239335 0.360119 0.240823 0.36078 0.241319 0.361111 0.241319 0.363095 0.242808 0.363426 0.242808 0.36541 0.244296 0.366071 0.244296 0.369048 0.242063 0.369048 0.241815 0.375661 0.236855 0.375661 0.232639 0.375331 0.232391 0.375331 0.232143 0.375 0.231895 0.375 0.231399 0.374669 0.231151 0.374669 0.230903 0.374339 0.230655 0.374339 0.230407 0.374008 0.230159 0.374008 0.229663 0.373677 0.229415 0.373677 0.229167 0.373347 0.228919 0.373347 0.228671 0.373016 0.228423 0.373016 0.227927 0.372685 0.227679 0.372685 0.227431 0.372354 0.227183 0.372354 0.226935
