0 0.455688 0.613839 0.455357 0.614087 0.455026 0.614087 0.454696 0.614335 0.454365 0.614335 0.454034 0.614583 0.453704 0.614583 0.453373 0.614831 0.453042 0.614831 0.452381 0.615327 0.452381 0.615823 0.45205 0.616071 0.45205 0.61756 0.452381 0.617808 0.452381 0.618304 0.452712 0.618552 0.453042 0.618304 0.453704 0.618304 0.454034 0.618056 0.454365 0.618056 0.457011 0.616071 0.457341 0.616319 0.457341 0.617063 0.456349 0.617808 0.456349 0.618056 0.455357 0.6188 0.455357 0.619048 0.455026 0.619296 0.455026 0.619544 0.455357 0.619792 0.455688 0.619792 0.457011 0.620784 0.458333 0.620784 0.458995 0.620288 0.458995 0.62004 0.459656 0.619544 0.459656 0.619048 0.459987 0.6188 0.459987 0.618304 0.460317 0.618056 0.460317 0.617312 0.460648 0.617063 0.459987 0.616567 0.459987 0.616319 0.459325 0.615823 0.459325 0.615575 0.458995 0.615327 0.458995 0.615079 0.458664 0.614831 0.458664 0.613839
0 0.443452 0.557292 0.443122 0.55754 0.442791 0.55754 0.44246 0.557788 0.44213 0.557788 0.441799 0.558036 0.441468 0.558036 0.441138 0.558284 0.440807 0.558284 0.440476 0.558532 0.440476 0.55878 0.440146 0.559028 0.440146 0.559276 0.439815 0.559524 0.439815 0.560516 0.440146 0.560764 0.440146 0.56126 0.440476 0.561508 0.440807 0.561508 0.441138 0.561756 0.441468 0.561756 0.441799 0.562004 0.44246 0.562004 0.442791 0.562252 0.444114 0.562252 0.444444 0.562004 0.444775 0.562004 0.445106 0.561756 0.445437 0.561756 0.446098 0.56126 0.446098 0.561012 0.446429 0.560764 0.446429 0.560268 0.446759 0.56002 0.446759 0.558284 0.446429 0.558036 0.446098 0.558036 0.445767 0.557788 0.445437 0.557788 0.445106 0.55754 0.444775 0.55754 0.444444 0.557292
0 0.669643 0.458581 0.669312 0.458829 0.668981 0.458829 0.668651 0.459077 0.667989 0.459077 0.667659 0.459325 0.666997 0.459325 0.666667 0.459573 0.666336 0.459573 0.666005 0.459821 0.664352 0.459821 0.664021 0.460069 0.664021 0.460565 0.66369 0.460813 0.66369 0.461062 0.664352 0.461558 0.664352 0.461806 0.665344 0.46255 0.665344 0.462798 0.666005 0.463294 0.66832 0.463294 0.668651 0.463046 0.668981 0.463046 0.669312 0.462798 0.669643 0.462798 0.669643 0.46255 0.670304 0.462054 0.670304 0.461806 0.670635 0.461558 0.670635 0.460813 0.670304 0.460565 0.670304 0.460069 0.669974 0.459821 0.669974 0.459325 0.669643 0.459077
0 0.744378 0.456101 0.744378 0.456349 0.744048 0.456597 0.744048 0.456845 0.743717 0.457093 0.743717 0.457589 0.742063 0.458829 0.742063 0.460565 0.742394 0.460813 0.743386 0.460813 0.743717 0.461062 0.744378 0.461062 0.744709 0.46131 0.745701 0.46131 0.746032 0.461062 0.747024 0.461062 0.747354 0.460813 0.748016 0.460813 0.748677 0.460317 0.749008 0.460317 0.749669 0.459821 0.75 0.459821 0.750661 0.459325 0.750992 0.459325 0.750992 0.459077 0.750661 0.458829 0.750661 0.458581 0.750331 0.458333 0.749339 0.458333 0.749008 0.458085 0.748677 0.458085 0.748016 0.457589 0.748016 0.457341 0.747354 0.456845 0.746362 0.456845 0.746032 0.456597 0.74537 0.456597 0.744709 0.456101
0 0.665344 0.455357 0.66369 0.456597 0.66369 0.456845 0.66336 0.457093 0.66336 0.457589 0.663029 0.457837 0.663029 0.458085 0.662698 0.458333 0.662698 0.458829 0.663029 0.459077 0.663029 0.459821 0.663029 0.459573 0.664683 0.458333 0.666005 0.458333 0.666667 0.458829 0.666997 0.458829 0.666997 0.457837 0.667328 0.457589 0.667659 0.457589 0.667989 0.457341 0.667989 0.456845 0.667659 0.456597 0.667659 0.456349 0.667328 0.456101 0.667328 0.455853 0.666997 0.455605 0.666005 0.455605 0.665675 0.455357
0 0.579696 0.451141 0.579696 0.451389 0.579365 0.451637 0.579365 0.451885 0.579034 0.452133 0.579034 0.453373 0.579365 0.453621 0.579696 0.453621 0.580026 0.453869 0.580357 0.453869 0.580688 0.454117 0.581349 0.454117 0.58168 0.454365 0.582011 0.454365 0.582341 0.454613 0.582672 0.454613 0.583003 0.454365 0.583333 0.454365 0.583664 0.454117 0.583664 0.453869 0.583995 0.453621 0.583995 0.451885 0.582011 0.451885 0.58168 0.451637 0.581349 0.451637 0.581019 0.451389 0.580357 0.451389 0.580026 0.451141
0 0.630622 0.435764 0.62996 0.43626 0.62996 0.436508 0.628638 0.4375 0.628638 0.437748 0.627315 0.43874 0.627976 0.43874 0.628307 0.438988 0.630952 0.438988 0.631944 0.438244 0.632275 0.438244 0.632275 0.437996 0.632606 0.437748 0.632606 0.437004 0.632275 0.436756 0.632275 0.436508 0.631944 0.436508 0.631283 0.436012 0.630952 0.436012
0 0.628968 0.432292 0.628638 0.43254 0.627646 0.43254 0.627646 0.432788 0.625992 0.434028 0.625992 0.434276 0.625331 0.434772 0.625331 0.435516 0.625 0.435764 0.625 0.436508 0.625331 0.436756 0.625331 0.437252 0.625661 0.4375 0.625661 0.43874 0.625992 0.43874 0.626653 0.438244 0.626653 0.436756 0.626984 0.436508 0.626984 0.43626 0.627646 0.435764 0.627646 0.435516 0.628968 0.434524 0.629299 0.434524 0.62996 0.434028 0.630291 0.434028 0.630291 0.43254 0.62996 0.43254 0.62963 0.432292
0 0.44246 0.431548 0.44213 0.431796 0.441468 0.431796 0.441138 0.432044 0.440807 0.432044 0.440476 0.432292 0.440146 0.432292 0.439815 0.43254 0.439484 0.43254 0.439153 0.432788 0.438823 0.432788 0.438492 0.433036 0.438161 0.433036 0.437831 0.433284 0.4375 0.433284 0.437169 0.433532 0.437169 0.43378 0.436839 0.434028 0.436839 0.435268 0.439153 0.437004 0.439815 0.437004 0.440146 0.436756 0.440807 0.436756 0.441138 0.436508 0.441468 0.436508 0.441799 0.43626 0.44213 0.43626 0.44246 0.436012 0.442791 0.436012 0.443122 0.435764 0.443452 0.435764 0.444114 0.435268 0.444114 0.43502 0.444775 0.434524 0.444775 0.432788 0.443452 0.431796 0.443122 0.431796 0.442791 0.431548
0 0.665013 0.424603 0.664683 0.424851 0.664683 0.425099 0.664352 0.425347 0.664352 0.425595 0.66369 0.426091 0.66369 0.426339 0.66336 0.426587 0.66336 0.428323 0.664683 0.429315 0.666005 0.429315 0.666336 0.429067 0.666667 0.429067 0.667328 0.428571 0.667659 0.428571 0.667989 0.428323 0.66832 0.428323 0.669643 0.427331 0.669312 0.427083 0.669312 0.426835 0.668981 0.426587 0.668981 0.426339 0.66832 0.425843 0.66832 0.425595 0.666997 0.424603
0 0.237434 0.364583 0.237103 0.364831 0.236772 0.364831 0.237103 0.365079 0.237103 0.365327 0.237765 0.365823 0.237765 0.366071 0.238095 0.366319 0.238426 0.366319 0.239087 0.366815 0.239087 0.367063 0.239418 0.367312 0.239418 0.36756 0.239749 0.367808 0.239749 0.368056 0.240079 0.368304 0.240079 0.3688 0.24041 0.369048 0.24041 0.369296 0.240079 0.369544 0.239418 0.369544 0.239087 0.369296 0.238757 0.369296 0.238426 0.369048 0.238095 0.369048 0.237765 0.3688 0.237434 0.3688 0.237103 0.368552 0.237103 0.367808 0.236772 0.36756 0.236772 0.367063 0.236442 0.366815 0.234458 0.366815 0.234458 0.3688 0.234127 0.369048 0.234127 0.369296 0.233796 0.369544 0.233796 0.369792 0.234127 0.369544 0.234458 0.369544 0.234788 0.369296 0.23578 0.369296 0.236111 0.369544 0.236442 0.369544 0.236772 0.369792 0.237103 0.369792 0.237434 0.37004 0.239749 0.37004 0.240079 0.369792 0.241071 0.369792 0.241402 0.369544 0.241733 0.369544 0.242063 0.369296 0.242394 0.369296 0.242394 0.369048 0.242725 0.3688 0.242725 0.367063 0.242394 0.367063 0.242063 0.366815 0.241733 0.366815 0.241071 0.366319 0.240741 0.366319 0.24041 0.366071 0.24041 0.365823 0.240079 0.365575 0.240079 0.365079 0.239087 0.365079 0.238757 0.364831 0.237765 0.364831
0 0.163029 0.335565 0.162698 0.335813 0.162368 0.335813 0.162368 0.338046 0.162698 0.338294 0.162698 0.339534 0.16336 0.34003 0.16336 0.340278 0.164021 0.340774 0.164021 0.341022 0.164352 0.34127 0.166667 0.34127 0.166997 0.341022 0.166997 0.340526 0.167328 0.340278 0.167328 0.339534 0.167659 0.339286 0.167328 0.339038 0.167328 0.338542 0.166997 0.338294 0.166997 0.337798 0.166667 0.33755 0.166667 0.337054 0.165675 0.33631 0.165344 0.33631 0.165013 0.336062 0.164683 0.336062 0.164352 0.335813 0.164021 0.335813 0.16369 0.335565
0 0.296958 0.099454 0.296627 0.099702 0.296627 0.100942 0.29795 0.101935 0.29795 0.102183 0.298611 0.102679 0.298942 0.102431 0.299272 0.102431 0.299934 0.101935 0.300265 0.101935 0.300926 0.101438 0.300926 0.100446 0.300595 0.100198 0.300265 0.100198 0.299934 0.09995 0.299603 0.09995 0.299272 0.099702 0.298611 0.099702 0.29828 0.099454
0 0.885251 0.096478 0.884921 0.096726 0.88459 0.096726 0.883929 0.097222 0.883929 0.09747 0.884259 0.097718 0.884259 0.099454 0.88459 0.099206 0.884921 0.099206 0.885251 0.098958 0.885582 0.098958 0.885913 0.09871 0.886243 0.09871 0.886243 0.097966 0.886574 0.097718 0.886574 0.097222 0.885582 0.096478
0 0.874669 0.096478 0.874669 0.096974 0.874339 0.097222 0.874339 0.097966 0.874669 0.097966 0.876653 0.099454 0.876984 0.099454 0.877315 0.099702 0.877646 0.099702 0.878307 0.100198 0.878638 0.100198 0.878968 0.100446 0.880622 0.100446 0.880622 0.100198 0.87963 0.099454 0.87963 0.099206 0.878307 0.098214 0.878307 0.097966 0.877315 0.097222 0.876984 0.097222 0.876653 0.096974 0.875992 0.096974 0.875661 0.096726 0.875331 0.096726 0.875 0.096478
0 0.87996 0.093502 0.87996 0.09375 0.878968 0.094494 0.878968 0.094742 0.877976 0.095486 0.877976 0.095734 0.879299 0.096726 0.879299 0.096974 0.880291 0.097718 0.880952 0.097718 0.881283 0.097966 0.881944 0.097966 0.881944 0.097222 0.882275 0.096974 0.882275 0.09623 0.882606 0.095982 0.882606 0.093502
0 0.273479 0.089286 0.273148 0.089534 0.270503 0.089534 0.269511 0.090278 0.269511 0.091518 0.269841 0.091766 0.269841 0.092014 0.271164 0.092014 0.271495 0.091766 0.272487 0.091766 0.272817 0.091518 0.272817 0.09127 0.273479 0.090774
