0 0.674934 0.829613 0.674603 0.829861 0.674603 0.830357 0.674272 0.830605 0.674272 0.830853 0.673942 0.831101 0.673942 0.831349 0.673611 0.831597 0.673611 0.832093 0.67328 0.832341 0.67328 0.832589 0.67295 0.832837 0.67295 0.833085 0.672619 0.833333 0.67295 0.833581 0.67295 0.834077 0.67328 0.834325 0.67328 0.834821 0.673611 0.835069 0.673611 0.835565 0.673942 0.835813 0.673942 0.83631 0.674272 0.836558 0.674272 0.837054 0.674603 0.837302 0.674603 0.837798 0.674934 0.838046 0.674934 0.838542 0.675265 0.83879 0.675265 0.839286 0.675595 0.839534 0.675595 0.839782 0.675926 0.84003 0.675926 0.840278 0.677249 0.84127 0.677249 0.841518 0.677579 0.841766 0.679894 0.84003 0.679894 0.839038 0.680225 0.83879 0.680225 0.837302 0.680556 0.837054 0.680556 0.832093 0.680225 0.831845 0.680225 0.831597 0.679894 0.831349 0.679894 0.831101 0.679563 0.830853 0.679563 0.830605 0.678902 0.830109 0.678902 0.829861 0.678571 0.829613
0 0.561177 0.800099 0.560185 0.800843 0.560185 0.801091 0.559524 0.801587 0.559524 0.801835 0.559193 0.802083 0.559193 0.802331 0.558532 0.802827 0.558532 0.803075 0.558201 0.803323 0.558201 0.803571 0.559524 0.804563 0.559854 0.804563 0.561508 0.805804 0.568122 0.805804 0.567791 0.805556 0.567791 0.804812 0.56746 0.804563 0.56746 0.803819 0.56713 0.803571 0.56713 0.802827 0.566799 0.802579 0.566799 0.802331 0.564815 0.800843 0.564815 0.800595 0.564153 0.800099
0 0.90377 0.114335 0.90377 0.114831 0.903439 0.115079 0.903439 0.116319 0.90377 0.116319 0.905423 0.11756 0.905423 0.117808 0.907407 0.117808 0.907738 0.11756 0.908399 0.11756 0.90873 0.117312 0.909061 0.117312 0.909061 0.116815 0.90873 0.116567 0.908399 0.116567 0.907738 0.116071 0.907407 0.116071 0.906746 0.115575 0.906415 0.115575 0.905754 0.115079 0.905423 0.115079 0.904762 0.114583 0.904431 0.114583 0.904101 0.114335
0 0.904431 0.113343 0.904762 0.113591 0.905093 0.113591 0.905754 0.114087 0.906085 0.114087 0.907077 0.114831 0.907407 0.114831 0.908069 0.115327 0.908399 0.115327 0.909392 0.116071 0.909722 0.116071 0.910053 0.116319 0.910384 0.116071 0.910384 0.115823 0.910714 0.115575 0.910714 0.114583 0.910053 0.114087 0.909722 0.114087 0.909392 0.113839 0.908399 0.113839 0.908069 0.113591 0.905423 0.113591 0.905093 0.113343
0 0.925926 0.102927 0.924272 0.104167 0.924272 0.105407 0.923942 0.105655 0.923942 0.106399 0.924272 0.106647 0.925926 0.106647 0.926257 0.106399 0.926587 0.106399 0.928241 0.105159 0.928241 0.104911 0.928571 0.104663 0.928571 0.104415 0.929233 0.103919 0.929233 0.103671 0.929894 0.103175 0.928902 0.103175 0.928571 0.102927
0 0.922288 0.09871 0.921958 0.098958 0.921627 0.098958 0.921296 0.099206 0.920966 0.099206 0.920635 0.099454 0.920635 0.09995 0.920304 0.100198 0.920304 0.100446 0.919974 0.100694 0.919974 0.10119 0.919643 0.101438 0.919643 0.102183 0.919312 0.102431 0.919312 0.102927 0.920966 0.104167 0.921296 0.104167 0.921627 0.103919 0.921958 0.103919 0.924272 0.102183 0.924272 0.101438 0.924603 0.10119 0.924272 0.100942 0.924272 0.100694 0.923942 0.100446 0.923942 0.100198 0.923611 0.09995 0.923611 0.09871
0 0.927579 0.096726 0.927249 0.096974 0.926918 0.096974 0.926587 0.097222 0.926587 0.098214 0.926918 0.098462 0.92791 0.098462 0.928241 0.098214 0.928571 0.098214 0.928902 0.097966 0.929233 0.097966 0.929563 0.097718 0.929563 0.097222 0.929233 0.097222 0.928902 0.096974 0.928241 0.096974 0.92791 0.096726
0 0.929563 0.093006 0.929233 0.093254 0.928902 0.093254 0.928571 0.093502 0.928241 0.093502 0.928241 0.09375 0.92791 0.093998 0.92791 0.094246 0.927579 0.094494 0.927579 0.095238 0.92791 0.095486 0.92791 0.095734 0.928241 0.095982 0.928241 0.09623 0.930556 0.09623 0.930886 0.095982 0.931548 0.095982 0.931548 0.094494 0.931217 0.094246 0.930556 0.094246 0.929563 0.093502
0 0.096561 0.09127 0.09623 0.091518 0.095569 0.091518 0.095238 0.091766 0.095238 0.094246 0.095899 0.094246 0.09623 0.094494 0.096892 0.094494 0.097222 0.094742 0.097553 0.094742 0.097884 0.09499 0.098545 0.09499 0.098545 0.093502 0.097553 0.092758 0.097553 0.09251 0.096892 0.092014 0.096892 0.091766 0.096561 0.091518
0 0.938492 0.083829 0.938161 0.084077 0.937831 0.084077 0.937169 0.084573 0.936839 0.084573 0.936508 0.084821 0.936177 0.084821 0.935185 0.085565 0.935185 0.085813 0.934524 0.08631 0.934524 0.086558 0.933862 0.087054 0.933862 0.087302 0.933532 0.08755 0.933532 0.088294 0.933862 0.088542 0.933862 0.089038 0.934193 0.089286 0.934193 0.089534 0.934854 0.09003 0.935185 0.09003 0.935847 0.090526 0.936177 0.090526 0.936839 0.091022 0.939815 0.091022 0.940146 0.090774 0.940807 0.090774 0.940807 0.090526 0.941138 0.090278 0.941138 0.09003 0.941468 0.089782 0.941468 0.086806 0.941799 0.086558 0.941799 0.085813 0.941468 0.085813 0.941138 0.085565 0.939815 0.085565 0.939484 0.085317 0.939153 0.085317 0.938823 0.085069 0.938823 0.083829
0 0.504299 0.075893 0.503968 0.076141 0.503968 0.076389 0.503638 0.076637 0.503638 0.076885 0.503307 0.077133 0.503307 0.078125 0.503638 0.078373 0.503638 0.078621 0.502976 0.079117 0.501984 0.079117 0.502315 0.079365 0.502315 0.079861 0.502646 0.080109 0.502646 0.080605 0.502976 0.080605 0.503307 0.080853 0.503638 0.080853 0.503968 0.081101 0.504299 0.081101 0.50463 0.081349 0.50496 0.081349 0.505291 0.081101 0.505291 0.080853 0.505622 0.080605 0.505622 0.080357 0.506614 0.079613 0.506944 0.079613 0.507275 0.079365 0.507275 0.077381 0.506944 0.077133 0.506944 0.076637 0.506614 0.076389 0.506283 0.076389 0.505952 0.076141 0.50463 0.076141
0 0.990741 0.012401 0.99041 0.012649 0.989749 0.012649 0.989418 0.012897 0.989418 0.013145 0.989087 0.013393 0.989087 0.013889 0.988757 0.014137 0.988757 0.014385 0.988426 0.014633 0.988426 0.015129 0.988757 0.015377 0.988757 0.016865 0.989087 0.017113 0.989087 0.017361 0.989749 0.017857 0.989749 0.018105 0.990079 0.018105 0.99041 0.017857 0.990741 0.017857 0.991071 0.017609 0.991071 0.017113 0.991402 0.016865 0.991402 0.016121 0.991733 0.015873 0.991733 0.015377 0.992063 0.015129 0.992063 0.013393 0.991733 0.013145 0.991733 0.012649 0.991402 0.012401
