0 0.476562 0.944444 0.475781 0.945833 0.475 0.945833 0.475781 0.947222 0.475781 0.948611 0.476562 0.95 0.476562 0.951389 0.478125 0.954167 0.476562 0.956944 0.476562 0.958333 0.475781 0.959722 0.475781 0.961111 0.475 0.9625 0.475 0.965278 0.474219 0.966667 0.476562 0.970833 0.476562 0.980556 0.477344 0.979167 0.478906 0.979167 0.483594 0.970833 0.483594 0.959722 0.484375 0.958333 0.484375 0.956944 0.485156 0.955556 0.485156 0.954167 0.486719 0.951389 0.486719 0.95 0.4875 0.948611 0.4875 0.947222 0.486719 0.945833 0.485156 0.945833 0.484375 0.944444
0 0.5125 0.793056 0.5125 0.794444 0.511719 0.795833 0.511719 0.797222 0.510938 0.798611 0.510938 0.8 0.510156 0.801389 0.510156 0.802778 0.509375 0.804167 0.510156 0.804167 0.510938 0.805556 0.511719 0.805556 0.5125 0.806944 0.513281 0.806944 0.514062 0.808333 0.514844 0.808333 0.515625 0.809722 0.517188 0.806944 0.517188 0.805556 0.517969 0.804167 0.517969 0.801389 0.51875 0.8 0.51875 0.798611 0.517969 0.798611 0.517188 0.797222 0.516406 0.797222 0.515625 0.795833 0.514844 0.795833 0.514062 0.794444 0.513281 0.794444
0 0.582812 0.609722 0.584375 0.6125 0.584375 0.613889 0.585156 0.615278 0.585156 0.616667 0.585938 0.618056 0.585938 0.620833 0.586719 0.622222 0.586719 0.627778 0.5875 0.629167 0.5875 0.634722 0.590625 0.634722 0.591406 0.633333 0.59375 0.633333 0.598438 0.625 0.598438 0.623611 0.599219 0.622222 0.599219 0.620833 0.600781 0.618056 0.600781 0.616667 0.6 0.615278 0.599219 0.615278 0.598438 0.613889 0.597656 0.613889 0.596875 0.6125 0.595312 0.6125 0.594531 0.613889 0.590625 0.613889 0.589844 0.6125 0.589062 0.6125 0.588281 0.611111 0.5875 0.611111 0.586719 0.609722
0 0.614062 0.459722 0.614062 0.461111 0.614844 0.4625 0.614844 0.473611 0.617188 0.477778 0.617969 0.477778 0.61875 0.479167 0.617969 0.480556 0.616406 0.480556 0.615625 0.481944 0.614062 0.481944 0.610156 0.488889 0.608594 0.488889 0.605469 0.483333 0.600781 0.483333 0.600781 0.486111 0.601562 0.4875 0.603125 0.4875 0.603906 0.488889 0.604688 0.488889 0.605469 0.490278 0.60625 0.490278 0.609375 0.495833 0.609375 0.497222 0.610156 0.498611 0.610938 0.498611 0.611719 0.497222 0.613281 0.497222 0.614062 0.495833 0.615625 0.495833 0.616406 0.494444 0.616406 0.493056 0.617969 0.490278 0.617969 0.486111 0.61875 0.484722 0.61875 0.481944 0.619531 0.480556 0.620312 0.481944 0.621875 0.481944 0.625 0.476389 0.625 0.475 0.626562 0.472222 0.625781 0.470833 0.625781 0.469444 0.624219 0.466667 0.624219 0.465278 0.622656 0.4625 0.622656 0.461111 0.61875 0.461111 0.617969 0.459722
0 0.314844 0.458333 0.314062 0.459722 0.307812 0.459722 0.307812 0.465278 0.307031 0.466667 0.307031 0.469444 0.305469 0.472222 0.305469 0.473611 0.303125 0.477778 0.303125 0.479167 0.301562 0.481944 0.301562 0.483333 0.304688 0.488889 0.304688 0.490278 0.307031 0.494444 0.307031 0.495833 0.309375 0.5 0.310156 0.5 0.310938 0.501389 0.314062 0.501389 0.314844 0.502778 0.315625 0.501389 0.316406 0.501389 0.317188 0.5 0.31875 0.5 0.319531 0.498611 0.321094 0.498611 0.323438 0.494444 0.323438 0.493056 0.325 0.490278 0.325 0.488889 0.325781 0.4875 0.325781 0.484722 0.326562 0.483333 0.326562 0.477778 0.325781 0.476389 0.325781 0.475 0.325 0.473611 0.325 0.472222 0.323438 0.469444 0.323438 0.468056 0.321875 0.465278 0.321875 0.463889 0.321094 0.463889 0.320312 0.4625 0.319531 0.4625 0.31875 0.461111 0.317969 0.461111 0.317188 0.459722 0.316406 0.459722 0.315625 0.458333
0 0.627344 0.443056 0.626562 0.444444 0.625781 0.444444 0.624219 0.447222 0.624219 0.448611 0.623438 0.45 0.623438 0.451389 0.622656 0.452778 0.622656 0.455556 0.625 0.459722 0.625 0.461111 0.626562 0.463889 0.626562 0.465278 0.628906 0.469444 0.628906 0.470833 0.632812 0.470833 0.633594 0.472222 0.634375 0.470833 0.635156 0.470833 0.635938 0.469444 0.636719 0.469444 0.6375 0.468056 0.638281 0.468056 0.638281 0.458333 0.635938 0.454167 0.635156 0.454167 0.63125 0.447222 0.630469 0.447222 0.628125 0.443056
0 0.619531 0.434722 0.617969 0.4375 0.617969 0.445833 0.622656 0.445833 0.622656 0.443056 0.621094 0.440278 0.621094 0.438889 0.619531 0.436111
0 0.671875 0.419444 0.671875 0.423611 0.671094 0.425 0.671875 0.426389 0.671875 0.431944 0.672656 0.433333 0.673438 0.433333 0.675 0.436111 0.678125 0.436111 0.678906 0.434722 0.678906 0.433333 0.680469 0.430556 0.680469 0.429167 0.679688 0.427778 0.679688 0.425 0.678906 0.423611 0.678125 0.423611 0.677344 0.422222 0.675781 0.422222 0.675 0.420833 0.673438 0.420833 0.672656 0.419444
0 0.894531 0.376389 0.89375 0.377778 0.890625 0.377778 0.889844 0.379167 0.885156 0.379167 0.883594 0.381944 0.883594 0.383333 0.882812 0.384722 0.884375 0.3875 0.884375 0.388889 0.89375 0.388889 0.894531 0.390278 0.895312 0.390278 0.895312 0.376389
0 0.495312 0.366667 0.494531 0.368056 0.494531 0.379167 0.496875 0.383333 0.496875 0.384722 0.497656 0.386111 0.498438 0.384722 0.498438 0.381944 0.499219 0.380556 0.499219 0.369444 0.498438 0.368056 0.497656 0.368056 0.496875 0.366667
0 0.496875 0.352778 0.496875 0.354167 0.496094 0.355556 0.496094 0.356944 0.495312 0.358333 0.496094 0.359722 0.497656 0.359722 0.499219 0.356944
0 0.559375 0.3375 0.558594 0.338889 0.55625 0.338889 0.555469 0.340278 0.553906 0.340278 0.551562 0.344444 0.551562 0.347222 0.552344 0.348611 0.552344 0.351389 0.553125 0.352778 0.553125 0.354167 0.553906 0.354167 0.554688 0.355556 0.555469 0.355556 0.55625 0.356944 0.557812 0.356944 0.557812 0.355556 0.560156 0.351389 0.560156 0.345833 0.560938 0.344444 0.560938 0.3375
0 0.557812 0.316667 0.557031 0.318056 0.554688 0.318056 0.553906 0.319444 0.554688 0.320833 0.554688 0.326389 0.555469 0.325 0.557031 0.325 0.557812 0.323611 0.557812 0.322222 0.558594 0.320833 0.558594 0.316667
0 0.551562 0.305556 0.55 0.308333 0.55 0.309722 0.552344 0.313889 0.55625 0.313889 0.557031 0.3125 0.557031 0.308333 0.555469 0.305556
0 0.783594 0.213889 0.783594 0.215278 0.782031 0.218056 0.782031 0.219444 0.78125 0.220833 0.782031 0.222222 0.782031 0.226389 0.785156 0.226389 0.785938 0.225 0.786719 0.225 0.7875 0.223611 0.7875 0.216667 0.786719 0.215278 0.786719 0.213889
