0 0.678125 0.633333 0.678125 0.636111 0.677344 0.6375 0.677344 0.640278 0.676562 0.641667 0.676562 0.644444 0.675781 0.645833 0.675781 0.654167 0.676562 0.655556 0.677344 0.655556 0.678125 0.656944 0.682031 0.656944 0.682031 0.654167 0.682812 0.652778 0.682031 0.651389 0.682031 0.641667 0.68125 0.640278 0.68125 0.633333
0 0.309375 0.622222 0.308594 0.623611 0.305469 0.623611 0.304688 0.625 0.303125 0.625 0.3 0.630556 0.300781 0.631944 0.300781 0.6375 0.301562 0.638889 0.301562 0.641667 0.302344 0.641667 0.303125 0.643056 0.308594 0.643056 0.309375 0.644444 0.310156 0.644444 0.3125 0.640278 0.3125 0.626389 0.311719 0.625 0.311719 0.623611 0.310938 0.622222
0 0.327344 0.609722 0.326562 0.611111 0.325781 0.611111 0.324219 0.613889 0.324219 0.619444 0.325 0.620833 0.325 0.623611 0.326562 0.623611 0.327344 0.625 0.332031 0.625 0.332812 0.623611 0.333594 0.623611 0.334375 0.622222 0.335156 0.622222 0.336719 0.619444 0.335156 0.616667 0.335156 0.615278 0.333594 0.6125 0.332812 0.6125 0.332031 0.611111 0.330469 0.611111 0.329688 0.609722
0 0.288281 0.606944 0.2875 0.608333 0.285938 0.608333 0.283594 0.6125 0.283594 0.615278 0.282812 0.616667 0.282812 0.620833 0.285156 0.625 0.286719 0.625 0.2875 0.623611 0.288281 0.623611 0.289844 0.620833 0.290625 0.620833 0.291406 0.619444 0.292188 0.619444 0.292188 0.618056 0.295312 0.6125 0.295312 0.611111 0.294531 0.609722 0.294531 0.608333 0.29375 0.606944
0 0.597656 0.513889 0.596875 0.515278 0.594531 0.515278 0.59375 0.516667 0.592188 0.516667 0.591406 0.518056 0.592188 0.519444 0.592188 0.520833 0.592969 0.522222 0.592969 0.523611 0.594531 0.526389 0.594531 0.527778 0.596094 0.530556 0.596875 0.530556 0.597656 0.531944 0.598438 0.531944 0.6 0.534722 0.600781 0.533333 0.600781 0.531944 0.603125 0.527778 0.603125 0.519444 0.602344 0.518056 0.601562 0.518056 0.6 0.515278 0.599219 0.515278 0.598438 0.513889
0 0.210156 0.506944 0.208594 0.509722 0.208594 0.511111 0.207812 0.5125 0.207812 0.515278 0.208594 0.516667 0.208594 0.518056 0.210938 0.522222 0.2125 0.519444 0.2125 0.518056 0.213281 0.516667 0.213281 0.513889 0.214062 0.5125 0.214062 0.511111 0.213281 0.509722 0.213281 0.508333 0.2125 0.508333 0.211719 0.506944
0 0.717188 0.429167 0.716406 0.430556 0.715625 0.430556 0.714844 0.431944 0.713281 0.431944 0.7125 0.433333 0.711719 0.433333 0.711719 0.434722 0.709375 0.438889 0.709375 0.448611 0.710938 0.448611 0.711719 0.45 0.713281 0.45 0.714062 0.451389 0.714844 0.451389 0.715625 0.452778 0.717188 0.452778 0.717969 0.454167 0.71875 0.452778 0.71875 0.440278 0.719531 0.438889 0.719531 0.433333
0 0.710938 0.397222 0.707812 0.402778 0.707812 0.415278 0.709375 0.418056 0.710156 0.418056 0.7125 0.422222 0.713281 0.422222 0.714062 0.423611 0.714844 0.423611 0.717188 0.419444 0.717188 0.402778 0.716406 0.401389 0.716406 0.398611 0.713281 0.398611 0.7125 0.397222
0 0.075 0.397222 0.075 0.398611 0.074219 0.4 0.074219 0.401389 0.075 0.402778 0.075 0.404167 0.076562 0.406944 0.076562 0.408333 0.077344 0.409722 0.078906 0.409722 0.079688 0.411111 0.08125 0.411111 0.082812 0.408333 0.082812 0.404167 0.08125 0.401389 0.08125 0.4 0.080469 0.398611 0.079688 0.398611 0.078906 0.397222
0 0.353906 0.373611 0.353125 0.375 0.352344 0.375 0.351562 0.376389 0.350781 0.376389 0.35 0.377778 0.348438 0.377778 0.347656 0.379167 0.346875 0.379167 0.346094 0.380556 0.345312 0.380556 0.345312 0.401389 0.346094 0.402778 0.346094 0.405556 0.346875 0.406944 0.346875 0.409722 0.347656 0.411111 0.347656 0.413889 0.348438 0.415278 0.348438 0.416667 0.349219 0.416667 0.35 0.415278 0.350781 0.415278 0.352344 0.4125 0.353125 0.4125 0.353125 0.411111 0.353906 0.409722 0.353906 0.408333 0.354688 0.406944 0.354688 0.405556 0.355469 0.404167 0.355469 0.402778 0.35625 0.401389 0.35625 0.4 0.357031 0.398611 0.357031 0.381944 0.35625 0.380556 0.35625 0.379167 0.354688 0.376389 0.354688 0.375
0 0.092188 0.2 0.091406 0.201389 0.089844 0.201389 0.089062 0.202778 0.0875 0.202778 0.086719 0.204167 0.084375 0.204167 0.083594 0.205556 0.079688 0.205556 0.079688 0.208333 0.078906 0.209722 0.078906 0.218056 0.082031 0.218056 0.082812 0.219444 0.089062 0.219444 0.089844 0.218056 0.090625 0.218056 0.091406 0.216667 0.092188 0.216667 0.092969 0.215278 0.09375 0.215278 0.094531 0.213889 0.095312 0.213889 0.096875 0.211111 0.096875 0.206944 0.097656 0.205556 0.097656 0.202778 0.098438 0.201389 0.098438 0.2
0 0.298438 0.009722 0.298438 0.016667 0.299219 0.018056 0.299219 0.019444 0.301562 0.023611 0.301562 0.025 0.302344 0.026389 0.302344 0.027778 0.303125 0.029167 0.303125 0.030556 0.303906 0.031944 0.303906 0.034722 0.304688 0.036111 0.307031 0.036111 0.307812 0.034722 0.307812 0.020833 0.307031 0.019444 0.307031 0.018056 0.305469 0.015278 0.305469 0.013889 0.303906 0.013889 0.303125 0.0125 0.301562 0.0125 0.300781 0.011111 0.299219 0.011111
