0 0.694531 0.898611 0.692969 0.901389 0.692188 0.901389 0.690625 0.904167 0.689844 0.904167 0.689844 0.922222 0.691406 0.922222 0.692188 0.923611 0.702344 0.923611 0.702344 0.918056 0.701562 0.916667 0.701562 0.906944 0.700781 0.905556 0.700781 0.902778 0.7 0.902778 0.699219 0.901389 0.697656 0.901389 0.696875 0.9 0.695312 0.9
0 0.451562 0.722222 0.450781 0.723611 0.446875 0.723611 0.446875 0.734722 0.447656 0.736111 0.447656 0.740278 0.448438 0.741667 0.448438 0.743056 0.449219 0.743056 0.450781 0.745833 0.451562 0.745833 0.452344 0.747222 0.453125 0.745833 0.453906 0.745833 0.45625 0.741667 0.45625 0.740278 0.457031 0.738889 0.457031 0.736111 0.457812 0.734722 0.457812 0.733333 0.458594 0.731944 0.458594 0.727778 0.457812 0.726389 0.457812 0.725 0.45625 0.725 0.455469 0.723611 0.453906 0.723611 0.453125 0.722222
0 0.602344 0.495833 0.601562 0.497222 0.6 0.497222 0.6 0.506944 0.600781 0.508333 0.600781 0.511111 0.601562 0.5125 0.603125 0.5125 0.603906 0.513889 0.610156 0.513889 0.610156 0.5125 0.610938 0.511111 0.610938 0.509722 0.611719 0.508333 0.611719 0.505556 0.610938 0.504167 0.610938 0.501389 0.607812 0.495833
0 0.339844 0.4375 0.339844 0.438889 0.339062 0.440278 0.339062 0.441667 0.3375 0.444444 0.3375 0.445833 0.339062 0.448611 0.339062 0.45 0.341406 0.454167 0.342969 0.451389 0.342969 0.45 0.34375 0.448611 0.34375 0.447222 0.344531 0.445833
0 0.460156 0.375 0.460156 0.376389 0.459375 0.377778 0.459375 0.379167 0.458594 0.380556 0.458594 0.381944 0.457812 0.383333 0.457812 0.384722 0.457031 0.386111 0.457031 0.3875 0.45625 0.388889 0.45625 0.390278 0.455469 0.391667 0.457031 0.394444 0.457812 0.394444 0.459375 0.397222 0.460156 0.397222 0.461719 0.4 0.4625 0.4 0.463281 0.401389 0.464062 0.4 0.465625 0.4 0.466406 0.398611 0.467188 0.398611 0.467969 0.397222 0.469531 0.397222 0.469531 0.395833 0.474219 0.3875 0.46875 0.3875 0.466406 0.383333 0.466406 0.381944 0.464062 0.377778 0.463281 0.377778 0.4625 0.376389 0.461719 0.376389 0.460938 0.375
0 0.296875 0.345833 0.296875 0.347222 0.297656 0.348611 0.297656 0.352778 0.298438 0.354167 0.298438 0.356944 0.299219 0.358333 0.299219 0.359722 0.300781 0.3625 0.300781 0.363889 0.302344 0.366667 0.302344 0.368056 0.303125 0.369444 0.30625 0.369444 0.307031 0.370833 0.307812 0.370833 0.308594 0.369444 0.308594 0.368056 0.310156 0.365278 0.310156 0.361111 0.309375 0.359722 0.309375 0.355556 0.307812 0.352778 0.307031 0.352778 0.305469 0.35 0.304688 0.35 0.303125 0.347222 0.3 0.347222 0.299219 0.345833
0 0.424219 0.272222 0.423438 0.273611 0.423438 0.275 0.422656 0.276389 0.422656 0.277778 0.421094 0.280556 0.421875 0.281944 0.422656 0.281944 0.425 0.286111 0.43125 0.286111 0.432812 0.283333 0.432812 0.281944 0.435156 0.277778 0.434375 0.277778 0.433594 0.276389 0.432812 0.276389 0.432031 0.275 0.43125 0.275 0.430469 0.273611 0.428125 0.273611 0.427344 0.272222
0 0.51875 0.256944 0.51875 0.261111 0.519531 0.2625 0.519531 0.269444 0.520312 0.268056 0.521094 0.268056 0.521875 0.266667 0.522656 0.266667 0.522656 0.263889 0.521875 0.2625 0.521875 0.256944
0 0.542969 0.240278 0.542188 0.241667 0.540625 0.241667 0.539844 0.243056 0.539062 0.243056 0.539062 0.256944 0.540625 0.259722 0.540625 0.261111 0.545312 0.269444 0.546094 0.269444 0.546875 0.270833 0.547656 0.270833 0.548438 0.272222 0.549219 0.272222 0.55 0.273611 0.550781 0.273611 0.550781 0.269444 0.551562 0.268056 0.551562 0.2625 0.550781 0.261111 0.55 0.261111 0.547656 0.256944 0.547656 0.251389 0.546875 0.25 0.546875 0.247222 0.546094 0.245833 0.546094 0.244444 0.544531 0.241667 0.544531 0.240278
0 0.480469 0.188889 0.480469 0.191667 0.479688 0.193056 0.479688 0.195833 0.480469 0.197222 0.480469 0.198611 0.48125 0.2 0.48125 0.201389 0.482812 0.204167 0.482812 0.205556 0.483594 0.206944 0.483594 0.208333 0.484375 0.208333 0.488281 0.215278 0.489062 0.215278 0.490625 0.218056 0.490625 0.216667 0.492188 0.213889 0.492188 0.2125 0.492969 0.211111 0.492969 0.209722 0.49375 0.208333 0.49375 0.206944 0.495312 0.204167 0.492969 0.2 0.492188 0.2 0.490625 0.197222 0.490625 0.195833 0.489062 0.193056 0.489062 0.191667 0.4875 0.188889
0 0.232812 0.130556 0.232031 0.131944 0.227344 0.131944 0.227344 0.138889 0.228125 0.138889 0.229688 0.141667 0.230469 0.141667 0.23125 0.140278 0.235156 0.140278 0.235938 0.138889 0.235938 0.136111 0.236719 0.134722 0.236719 0.133333 0.235938 0.133333 0.235156 0.131944 0.234375 0.131944 0.233594 0.130556
