0 0.413281 0.945833 0.4125 0.947222 0.4125 0.948611 0.411719 0.95 0.411719 0.951389 0.410938 0.952778 0.410938 0.968056 0.411719 0.969444 0.411719 0.970833 0.4125 0.972222 0.4125 0.973611 0.414062 0.976389 0.414844 0.975 0.416406 0.975 0.417188 0.973611 0.417969 0.973611 0.417969 0.963889 0.417188 0.9625 0.417188 0.961111 0.416406 0.959722 0.416406 0.958333 0.415625 0.956944 0.415625 0.955556 0.414844 0.954167 0.414844 0.951389 0.414062 0.95 0.414062 0.948611 0.413281 0.947222
0 0.885156 0.784722 0.885156 0.786111 0.884375 0.7875 0.884375 0.790278 0.883594 0.791667 0.883594 0.795833 0.884375 0.797222 0.884375 0.801389 0.885156 0.802778 0.885156 0.805556 0.885938 0.805556 0.886719 0.806944 0.889062 0.806944 0.889844 0.808333 0.891406 0.808333 0.892188 0.809722 0.892969 0.809722 0.89375 0.811111 0.894531 0.811111 0.895312 0.8125 0.896094 0.8125 0.897656 0.815278 0.898438 0.815278 0.899219 0.816667 0.905469 0.816667 0.905469 0.811111 0.90625 0.809722 0.90625 0.8 0.907031 0.798611 0.907031 0.784722 0.9 0.784722 0.899219 0.786111 0.896875 0.786111 0.896094 0.7875 0.892188 0.7875 0.891406 0.786111 0.888281 0.786111 0.8875 0.784722
0 0.374219 0.745833 0.374219 0.75 0.375 0.751389 0.375 0.755556 0.375781 0.756944 0.375781 0.773611 0.379688 0.780556 0.379688 0.781944 0.382031 0.786111 0.382812 0.784722 0.382812 0.783333 0.384375 0.780556 0.384375 0.779167 0.385156 0.777778 0.385156 0.772222 0.385938 0.770833 0.385938 0.7625 0.384375 0.759722 0.384375 0.758333 0.38125 0.752778 0.380469 0.752778 0.379688 0.751389 0.378906 0.751389 0.377344 0.748611 0.376562 0.748611 0.375781 0.747222 0.375 0.747222
0 0.690625 0.526389 0.689062 0.529167 0.689062 0.540278 0.689844 0.541667 0.689844 0.543056 0.692188 0.547222 0.692969 0.547222 0.69375 0.545833 0.696094 0.545833 0.696094 0.541667 0.696875 0.540278 0.696875 0.534722 0.696094 0.533333 0.696094 0.530556 0.695312 0.529167 0.694531 0.529167 0.69375 0.527778 0.692969 0.527778 0.692188 0.526389
0 0.597656 0.481944 0.596094 0.484722 0.595312 0.484722 0.59375 0.4875 0.592969 0.4875 0.590625 0.491667 0.589844 0.491667 0.589062 0.493056 0.589062 0.498611 0.588281 0.5 0.588281 0.5125 0.589844 0.515278 0.589844 0.516667 0.591406 0.519444 0.591406 0.520833 0.592188 0.522222 0.594531 0.522222 0.595312 0.523611 0.597656 0.523611 0.598438 0.522222 0.598438 0.520833 0.600781 0.516667 0.600781 0.515278 0.601562 0.513889 0.601562 0.508333 0.602344 0.506944 0.602344 0.488889 0.598438 0.481944
0 0.601562 0.458333 0.600781 0.459722 0.6 0.459722 0.599219 0.461111 0.598438 0.461111 0.597656 0.4625 0.596875 0.4625 0.595312 0.465278 0.595312 0.468056 0.594531 0.469444 0.594531 0.473611 0.59375 0.475 0.59375 0.476389 0.594531 0.477778 0.594531 0.480556 0.595312 0.480556 0.596094 0.479167 0.596875 0.479167 0.598438 0.476389 0.599219 0.476389 0.603906 0.468056 0.604688 0.468056 0.604688 0.458333
0 0.596875 0.429167 0.596875 0.430556 0.597656 0.431944 0.597656 0.433333 0.598438 0.434722 0.598438 0.436111 0.599219 0.4375 0.599219 0.440278 0.6 0.441667 0.6 0.445833 0.600781 0.447222 0.600781 0.448611 0.601562 0.45 0.601562 0.451389 0.602344 0.452778 0.602344 0.454167 0.603906 0.454167 0.604688 0.455556 0.610156 0.455556 0.610156 0.444444 0.609375 0.443056 0.609375 0.441667 0.608594 0.440278 0.608594 0.438889 0.607812 0.4375 0.607031 0.4375 0.605469 0.434722 0.604688 0.434722 0.603125 0.431944 0.602344 0.431944 0.601562 0.430556 0.600781 0.430556 0.6 0.429167
0 0.579688 0.398611 0.578906 0.4 0.578906 0.401389 0.578125 0.402778 0.578125 0.413889 0.578906 0.413889 0.579688 0.415278 0.58125 0.415278 0.582031 0.416667 0.584375 0.416667 0.586719 0.4125 0.586719 0.409722 0.585938 0.408333 0.585938 0.402778 0.585156 0.402778 0.584375 0.401389 0.583594 0.401389 0.582812 0.4 0.58125 0.4 0.580469 0.398611
0 0.958594 0.383333 0.957812 0.384722 0.957031 0.384722 0.955469 0.3875 0.954688 0.3875 0.952344 0.391667 0.952344 0.393056 0.953125 0.394444 0.953125 0.398611 0.954688 0.398611 0.955469 0.397222 0.955469 0.395833 0.95625 0.394444 0.95625 0.393056 0.957031 0.391667 0.957031 0.390278 0.957812 0.388889 0.957812 0.3875 0.958594 0.386111
0 0.247656 0.345833 0.246875 0.347222 0.242188 0.347222 0.241406 0.348611 0.239062 0.348611 0.239062 0.351389 0.238281 0.352778 0.238281 0.358333 0.2375 0.359722 0.2375 0.366667 0.238281 0.368056 0.238281 0.373611 0.25 0.373611 0.25 0.372222 0.251563 0.369444 0.251563 0.368056 0.252344 0.366667 0.252344 0.365278 0.253125 0.363889 0.253125 0.361111 0.253906 0.359722 0.253906 0.356944 0.254688 0.355556 0.254688 0.352778 0.251563 0.347222 0.251563 0.345833
0 0.923438 0.323611 0.922656 0.325 0.920312 0.325 0.917969 0.329167 0.917188 0.329167 0.917969 0.330556 0.917969 0.333333 0.924219 0.333333 0.925 0.331944 0.925781 0.331944 0.925781 0.325 0.925 0.325 0.924219 0.323611
0 0.992188 0.304167 0.991406 0.305556 0.988281 0.305556 0.988281 0.308333 0.9875 0.309722 0.9875 0.313889 0.986719 0.315278 0.986719 0.320833 0.9875 0.322222 0.990625 0.322222 0.991406 0.320833 0.997656 0.320833 0.998438 0.319444 0.998438 0.308333 0.997656 0.308333 0.996094 0.305556 0.995312 0.305556 0.994531 0.304167
0 0.888281 0.301389 0.886719 0.304167 0.885938 0.304167 0.885156 0.305556 0.884375 0.305556 0.883594 0.306944 0.883594 0.313889 0.884375 0.315278 0.885156 0.315278 0.885938 0.316667 0.8875 0.316667 0.888281 0.315278 0.889062 0.315278 0.889844 0.313889 0.889844 0.305556 0.890625 0.304167 0.889844 0.302778 0.889062 0.302778
0 0.978125 0.284722 0.977344 0.286111 0.976562 0.286111 0.975781 0.2875 0.975 0.2875 0.973438 0.290278 0.973438 0.291667 0.972656 0.293056 0.972656 0.294444 0.971875 0.295833 0.971875 0.297222 0.971094 0.298611 0.971875 0.3 0.971875 0.302778 0.972656 0.304167 0.972656 0.306944 0.973438 0.308333 0.975 0.308333 0.975781 0.309722 0.977344 0.309722 0.978906 0.306944 0.978906 0.304167 0.979688 0.302778 0.979688 0.298611 0.980469 0.297222 0.980469 0.288889 0.979688 0.2875 0.979688 0.286111 0.978906 0.284722
0 0.93125 0.265278 0.930469 0.266667 0.929688 0.266667 0.929688 0.269444 0.928906 0.270833 0.928906 0.272222 0.928125 0.273611 0.928125 0.283333 0.932031 0.283333 0.932812 0.281944 0.933594 0.281944 0.934375 0.280556 0.934375 0.266667 0.933594 0.265278
0 0.899219 0.25 0.897656 0.252778 0.897656 0.254167 0.899219 0.256944 0.900781 0.254167 0.900781 0.25
0 0.522656 0.245833 0.519531 0.251389 0.51875 0.251389 0.51875 0.261111 0.519531 0.2625 0.520312 0.2625 0.523438 0.268056 0.524219 0.268056 0.525 0.269444 0.528125 0.269444 0.528906 0.268056 0.528906 0.258333 0.528125 0.256944 0.528125 0.251389 0.527344 0.251389 0.526562 0.25 0.525781 0.25 0.524219 0.247222 0.523438 0.247222
0 0.985156 0.159722 0.984375 0.161111 0.983594 0.161111 0.980469 0.166667 0.980469 0.175 0.983594 0.180556 0.983594 0.181944 0.984375 0.183333 0.984375 0.179167 0.985156 0.177778
0 0.998438 0.156944 0.997656 0.158333 0.996094 0.158333 0.994531 0.161111 0.994531 0.1625 0.99375 0.163889 0.99375 0.165278 0.994531 0.166667 0.997656 0.166667 0.998438 0.165278 0.999219 0.165278 0.999219 0.156944
