0 0.605469 0.991667 0.603906 0.994444 0.603906 0.997222 0.604688 0.998611 0.607812 0.998611 0.608594 0.997222 0.608594 0.994444 0.607031 0.991667
0 0.597656 0.983333 0.596875 0.984722 0.595312 0.984722 0.589844 0.994444 0.589844 0.997222 0.590625 0.998611 0.598438 0.998611 0.6 0.995833 0.6 0.993056 0.600781 0.991667 0.600781 0.986111 0.599219 0.983333
0 0.985156 0.815278 0.983594 0.818056 0.983594 0.820833 0.985156 0.823611 0.986719 0.823611 0.988281 0.820833 0.988281 0.818056 0.986719 0.815278
0 0.33125 0.809722 0.33125 0.813889 0.332031 0.815278 0.332031 0.819444 0.33125 0.820833 0.330469 0.820833 0.325 0.811111 0.323438 0.811111 0.323438 0.813889 0.324219 0.815278 0.324219 0.816667 0.325 0.818056 0.325 0.819444 0.324219 0.820833 0.322656 0.818056 0.321875 0.818056 0.321094 0.816667 0.320312 0.818056 0.320312 0.819444 0.319531 0.820833 0.319531 0.822222 0.317969 0.825 0.317969 0.827778 0.317188 0.829167 0.317188 0.830556 0.316406 0.831944 0.316406 0.833333 0.315625 0.834722 0.315625 0.840278 0.316406 0.841667 0.316406 0.843056 0.317969 0.843056 0.31875 0.841667 0.319531 0.841667 0.320312 0.840278 0.321875 0.843056 0.31875 0.848611 0.317969 0.848611 0.317969 0.85 0.319531 0.852778 0.321875 0.852778 0.322656 0.854167 0.322656 0.856944 0.323438 0.856944 0.325 0.854167 0.326562 0.854167 0.327344 0.855556 0.328125 0.854167 0.33125 0.854167 0.332031 0.852778 0.332812 0.852778 0.332812 0.851389 0.333594 0.85 0.334375 0.85 0.333594 0.848611 0.333594 0.840278 0.332812 0.840278 0.332031 0.838889 0.332812 0.8375 0.332812 0.836111 0.332031 0.834722 0.33125 0.834722 0.330469 0.833333 0.330469 0.831944 0.33125 0.830556 0.335156 0.830556 0.335938 0.829167 0.336719 0.829167 0.336719 0.827778 0.3375 0.826389 0.3375 0.825 0.338281 0.823611 0.3375 0.822222 0.338281 0.820833 0.338281 0.819444 0.339844 0.816667 0.339844 0.813889 0.3375 0.813889 0.3375 0.816667 0.336719 0.818056 0.335938 0.816667 0.335156 0.818056 0.333594 0.815278 0.333594 0.8125 0.332812 0.811111 0.332812 0.809722
0 0.974219 0.806944 0.972656 0.809722 0.972656 0.8125 0.974219 0.815278 0.975 0.815278 0.975781 0.816667 0.979688 0.816667 0.98125 0.813889 0.98125 0.811111 0.979688 0.808333 0.978125 0.808333 0.977344 0.806944
0 0.726562 0.748611 0.725 0.751389 0.725 0.754167 0.725781 0.755556 0.725781 0.759722 0.728125 0.763889 0.728125 0.768056 0.728906 0.769444 0.728906 0.770833 0.730469 0.773611 0.734375 0.773611 0.735156 0.772222 0.735938 0.772222 0.7375 0.769444 0.7375 0.768056 0.741406 0.761111 0.741406 0.755556 0.739844 0.752778 0.738281 0.752778 0.7375 0.751389 0.735938 0.751389 0.735156 0.75 0.733594 0.75 0.732812 0.748611
0 0.772656 0.666667 0.771094 0.669444 0.770312 0.669444 0.76875 0.672222 0.76875 0.676389 0.770312 0.679167 0.774219 0.679167 0.775781 0.676389 0.775781 0.673611 0.776562 0.672222 0.776562 0.669444 0.775 0.666667
0 0.157812 0.65 0.15625 0.652778 0.154688 0.652778 0.153906 0.651389 0.15 0.651389 0.147656 0.655556 0.147656 0.656944 0.148438 0.658333 0.148438 0.659722 0.149219 0.661111 0.149219 0.6625 0.15 0.6625 0.151562 0.665278 0.151562 0.666667 0.153906 0.670833 0.153906 0.672222 0.153125 0.673611 0.148438 0.673611 0.147656 0.675 0.145312 0.675 0.142188 0.669444 0.141406 0.669444 0.141406 0.670833 0.138281 0.676389 0.138281 0.680556 0.1375 0.681944 0.138281 0.683333 0.138281 0.684722 0.139062 0.686111 0.139844 0.686111 0.140625 0.6875 0.139844 0.688889 0.139844 0.695833 0.140625 0.695833 0.141406 0.697222 0.141406 0.709722 0.145312 0.709722 0.146094 0.708333 0.146875 0.708333 0.147656 0.709722 0.149219 0.709722 0.150781 0.7125 0.154688 0.7125 0.15625 0.709722 0.157812 0.709722 0.158594 0.711111 0.159375 0.709722 0.160156 0.709722 0.160938 0.708333 0.161719 0.708333 0.163281 0.705556 0.164062 0.705556 0.164062 0.704167 0.164844 0.702778 0.164844 0.7 0.166406 0.697222 0.166406 0.695833 0.167188 0.694444 0.166406 0.693056 0.167188 0.691667 0.166406 0.690278 0.166406 0.6875 0.165625 0.686111 0.165625 0.681944 0.166406 0.680556 0.166406 0.679167 0.164844 0.676389 0.164844 0.675 0.164062 0.673611 0.164062 0.672222 0.1625 0.669444 0.1625 0.668056 0.161719 0.666667 0.161719 0.665278 0.1625 0.663889 0.1625 0.659722 0.161719 0.658333 0.161719 0.655556 0.160156 0.652778 0.160156 0.651389 0.159375 0.651389 0.158594 0.65
0 0.536719 0.6375 0.535156 0.640278 0.535156 0.643056 0.536719 0.645833 0.540625 0.645833 0.542188 0.643056 0.542188 0.640278 0.540625 0.6375
0 0.532812 0.620833 0.53125 0.623611 0.53125 0.626389 0.532812 0.629167 0.534375 0.629167 0.535938 0.626389 0.535938 0.623611 0.534375 0.620833
0 0.539844 0.616667 0.538281 0.619444 0.538281 0.622222 0.539062 0.623611 0.539062 0.625 0.540625 0.627778 0.542188 0.627778 0.544531 0.623611 0.544531 0.620833 0.542969 0.618056 0.542188 0.618056 0.541406 0.616667
0 0.542188 0.606944 0.540625 0.609722 0.540625 0.6125 0.541406 0.6125 0.542188 0.613889 0.542969 0.6125 0.542969 0.608333
0 0.546875 0.602778 0.546875 0.609722 0.547656 0.609722 0.548438 0.608333 0.55 0.608333 0.55 0.606944 0.550781 0.605556 0.550781 0.604167 0.55 0.604167 0.549219 0.602778
0 0.71875 0.6 0.717969 0.601389 0.714844 0.601389 0.714062 0.602778 0.7125 0.602778 0.713281 0.604167 0.713281 0.606944 0.7125 0.608333 0.710938 0.608333 0.710938 0.6125 0.710156 0.613889 0.710938 0.615278 0.710938 0.616667 0.713281 0.620833 0.713281 0.622222 0.714062 0.623611 0.714062 0.625 0.715625 0.625 0.716406 0.626389 0.717188 0.626389 0.71875 0.629167 0.721094 0.629167 0.721875 0.627778 0.723438 0.627778 0.723438 0.626389 0.721875 0.623611 0.721875 0.620833 0.720312 0.618056 0.717969 0.618056 0.717188 0.616667 0.716406 0.616667 0.714844 0.613889 0.714844 0.6125 0.715625 0.611111 0.716406 0.611111 0.717969 0.608333 0.725 0.620833 0.725 0.619444 0.721875 0.613889 0.721875 0.6125 0.722656 0.611111 0.724219 0.611111 0.728906 0.619444 0.732031 0.619444 0.732812 0.618056 0.73125 0.618056 0.729688 0.615278 0.729688 0.611111 0.730469 0.609722 0.730469 0.608333 0.73125 0.606944 0.730469 0.605556 0.730469 0.604167 0.728125 0.6 0.728125 0.601389 0.727344 0.602778 0.722656 0.602778 0.721094 0.6
0 0.465625 0.572222 0.464844 0.573611 0.465625 0.575 0.467969 0.575 0.466406 0.572222
0 0.570312 0.565278 0.569531 0.566667 0.56875 0.566667 0.569531 0.566667 0.570312 0.568056 0.570312 0.569444 0.569531 0.570833 0.566406 0.570833 0.564062 0.575 0.564844 0.576389 0.563281 0.579167 0.563281 0.580556 0.564062 0.580556 0.564062 0.579167 0.565625 0.576389 0.566406 0.577778 0.56875 0.577778 0.569531 0.579167 0.570312 0.579167 0.571875 0.576389 0.571875 0.575 0.571094 0.573611 0.571875 0.572222 0.572656 0.572222 0.572656 0.570833 0.571094 0.568056 0.571094 0.565278
0 0.041406 0.558333 0.041406 0.559722 0.040625 0.561111 0.040625 0.5625 0.042188 0.565278 0.04375 0.565278 0.044531 0.566667 0.046094 0.566667 0.047656 0.563889 0.047656 0.559722 0.046875 0.559722 0.046094 0.558333 0.045312 0.559722 0.044531 0.558333
0 0.569531 0.555556 0.56875 0.556944 0.56875 0.561111 0.570312 0.561111 0.571094 0.559722 0.571094 0.555556
0 0.28125 0.554167 0.279688 0.556944 0.278125 0.556944 0.277344 0.558333 0.277344 0.559722 0.276562 0.561111 0.275781 0.561111 0.275 0.5625 0.277344 0.5625 0.278125 0.563889 0.278125 0.566667 0.278125 0.565278 0.278906 0.563889 0.280469 0.563889 0.280469 0.5625 0.28125 0.561111 0.282031 0.5625 0.282812 0.5625 0.284375 0.559722 0.284375 0.558333 0.283594 0.558333 0.282812 0.556944 0.282812 0.554167
0 0.480469 0.548611 0.479688 0.55 0.478906 0.55 0.478125 0.551389 0.477344 0.551389 0.476562 0.55 0.475781 0.551389 0.475781 0.552778 0.475 0.554167 0.474219 0.554167 0.474219 0.556944 0.475781 0.556944 0.476562 0.558333 0.479688 0.558333 0.480469 0.559722 0.482031 0.559722 0.482812 0.558333 0.482812 0.556944 0.484375 0.554167 0.484375 0.551389 0.482812 0.548611
0 0.042188 0.536111 0.040625 0.538889 0.039844 0.538889 0.039062 0.540278 0.039844 0.541667 0.039062 0.543056 0.0375 0.543056 0.0375 0.544444 0.038281 0.545833 0.038281 0.55 0.039062 0.551389 0.039844 0.55 0.040625 0.55 0.042188 0.547222 0.042969 0.547222 0.04375 0.545833 0.046875 0.545833 0.047656 0.544444 0.048438 0.544444 0.047656 0.543056 0.047656 0.541667 0.046875 0.540278 0.046875 0.536111
0 0.59375 0.486111 0.592969 0.4875 0.592969 0.490278 0.592188 0.491667 0.592188 0.494444 0.591406 0.495833 0.591406 0.498611 0.592188 0.5 0.592969 0.498611 0.592969 0.497222 0.59375 0.495833 0.59375 0.494444 0.594531 0.493056 0.594531 0.4875
0 0.28125 0.480556 0.280469 0.481944 0.279688 0.481944 0.279688 0.484722 0.278906 0.486111 0.278906 0.4875 0.278125 0.488889 0.278125 0.490278 0.280469 0.490278 0.28125 0.491667 0.279688 0.494444 0.280469 0.495833 0.282031 0.495833 0.282812 0.497222 0.283594 0.495833 0.283594 0.491667 0.284375 0.490278 0.284375 0.481944 0.283594 0.481944 0.282812 0.480556
0 0.584375 0.475 0.584375 0.481944 0.585156 0.483333 0.585156 0.484722 0.585938 0.486111 0.585938 0.4875 0.5875 0.490278 0.588281 0.490278 0.589062 0.491667 0.590625 0.488889 0.590625 0.486111 0.591406 0.484722 0.591406 0.483333 0.588281 0.477778 0.586719 0.477778 0.585156 0.475
0 0.734375 0.386111 0.730469 0.393056 0.730469 0.394444 0.729688 0.395833 0.729688 0.401389 0.728906 0.402778 0.728906 0.405556 0.732031 0.411111 0.733594 0.411111 0.734375 0.409722 0.735156 0.409722 0.736719 0.406944 0.7375 0.406944 0.738281 0.405556 0.739062 0.405556 0.740625 0.402778 0.740625 0.401389 0.742969 0.397222 0.742969 0.394444 0.741406 0.391667 0.738281 0.391667 0.7375 0.390278 0.7375 0.388889 0.735938 0.386111
0 0.828906 0.165278 0.826562 0.169444 0.825781 0.169444 0.824219 0.172222 0.823438 0.172222 0.819531 0.179167 0.819531 0.181944 0.821094 0.184722 0.821875 0.184722 0.822656 0.186111 0.822656 0.1875 0.824219 0.190278 0.830469 0.190278 0.83125 0.188889 0.834375 0.188889 0.835156 0.1875 0.835938 0.1875 0.838281 0.183333 0.838281 0.180556 0.8375 0.179167 0.8375 0.172222 0.836719 0.170833 0.836719 0.169444 0.835156 0.166667 0.832031 0.166667 0.83125 0.165278
