0 0.23125 0.877778 0.228906 0.881944 0.228125 0.881944 0.228125 0.897222 0.232031 0.904167 0.232031 0.905556 0.233594 0.908333 0.234375 0.908333 0.235156 0.909722 0.236719 0.909722 0.2375 0.911111 0.241406 0.911111 0.242188 0.909722 0.242969 0.909722 0.24375 0.908333 0.245312 0.908333 0.246094 0.906944 0.246094 0.905556 0.246875 0.904167 0.246875 0.902778 0.248438 0.9 0.248438 0.898611 0.249219 0.897222 0.249219 0.891667 0.25 0.890278 0.25 0.881944 0.249219 0.880556 0.246094 0.880556 0.245312 0.881944 0.235156 0.881944 0.233594 0.879167 0.232812 0.879167 0.232031 0.877778
0 0.151562 0.870833 0.150781 0.872222 0.150781 0.877778 0.151562 0.879167 0.151562 0.884722 0.157031 0.894444 0.157812 0.894444 0.159375 0.897222 0.160938 0.897222 0.161719 0.898611 0.164062 0.898611 0.163281 0.897222 0.163281 0.895833 0.161719 0.893056 0.161719 0.891667 0.160938 0.891667 0.160156 0.890278 0.159375 0.890278 0.157812 0.8875 0.157031 0.8875 0.15625 0.886111 0.15625 0.884722 0.155469 0.883333 0.155469 0.881944 0.154688 0.880556 0.154688 0.877778 0.155469 0.876389 0.155469 0.875 0.15625 0.873611 0.154688 0.873611 0.153906 0.872222 0.152344 0.872222
0 0.566406 0.683333 0.567188 0.684722 0.567188 0.688889 0.567969 0.690278 0.571875 0.690278 0.571875 0.688889 0.573438 0.686111 0.571875 0.683333
0 0.560938 0.665278 0.560156 0.666667 0.559375 0.666667 0.559375 0.668056 0.560156 0.669444 0.560156 0.673611 0.560938 0.675 0.561719 0.675 0.5625 0.676389 0.563281 0.675 0.566406 0.675 0.566406 0.673611 0.567188 0.672222 0.567188 0.666667 0.563281 0.666667 0.5625 0.665278
0 0.770312 0.625 0.770312 0.627778 0.769531 0.629167 0.769531 0.630556 0.770312 0.630556 0.771094 0.631944 0.771875 0.631944 0.772656 0.633333 0.773438 0.633333 0.774219 0.634722 0.775 0.634722 0.775781 0.636111 0.776562 0.636111 0.777344 0.634722 0.779688 0.634722 0.780469 0.633333 0.780469 0.629167 0.776562 0.629167 0.775781 0.627778 0.774219 0.627778 0.773438 0.626389 0.771875 0.626389 0.771094 0.625
0 0.614062 0.605556 0.613281 0.606944 0.613281 0.618056 0.611719 0.620833 0.610938 0.620833 0.610156 0.622222 0.607812 0.622222 0.607031 0.620833 0.605469 0.620833 0.603125 0.616667 0.603125 0.615278 0.601562 0.6125 0.601562 0.611111 0.600781 0.609722 0.6 0.611111 0.6 0.6125 0.598438 0.615278 0.598438 0.616667 0.599219 0.618056 0.599219 0.623611 0.6 0.625 0.6 0.626389 0.603906 0.633333 0.60625 0.633333 0.607031 0.634722 0.607812 0.634722 0.610156 0.630556 0.610938 0.630556 0.617188 0.619444 0.617188 0.611111 0.616406 0.609722 0.616406 0.608333 0.615625 0.608333
0 0.392969 0.379167 0.392188 0.380556 0.392188 0.381944 0.390625 0.384722 0.390625 0.398611 0.391406 0.4 0.391406 0.409722 0.392188 0.411111 0.392188 0.416667 0.392969 0.418056 0.392969 0.423611 0.39375 0.425 0.39375 0.427778 0.394531 0.427778 0.395312 0.429167 0.396094 0.429167 0.396875 0.430556 0.399219 0.430556 0.4 0.429167 0.401562 0.429167 0.402344 0.427778 0.403125 0.427778 0.403906 0.426389 0.403906 0.425 0.405469 0.422222 0.405469 0.420833 0.407031 0.418056 0.407031 0.416667 0.40625 0.415278 0.40625 0.413889 0.405469 0.4125 0.405469 0.411111 0.404688 0.409722 0.404688 0.406944 0.403906 0.405556 0.403906 0.402778 0.403125 0.401389 0.403125 0.398611 0.402344 0.397222 0.402344 0.393056 0.401562 0.391667 0.401562 0.390278 0.400781 0.388889 0.400781 0.3875 0.399219 0.384722 0.399219 0.383333 0.397656 0.380556 0.396094 0.380556 0.395312 0.379167
0 0.839844 0.258333 0.839062 0.259722 0.8375 0.259722 0.835938 0.2625 0.835938 0.266667 0.836719 0.268056 0.836719 0.270833 0.8375 0.270833 0.839062 0.268056 0.839844 0.268056 0.841406 0.265278 0.842188 0.265278 0.842969 0.263889 0.842969 0.2625 0.84375 0.261111 0.84375 0.258333
0 0.264844 0.172222 0.264844 0.176389 0.264062 0.177778 0.264062 0.179167 0.264844 0.179167 0.266406 0.181944 0.269531 0.181944 0.270312 0.180556 0.271094 0.180556 0.271094 0.177778 0.26875 0.173611 0.267969 0.173611 0.267188 0.172222
0 0.497656 0.168056 0.497656 0.169444 0.496875 0.170833 0.496875 0.172222 0.495312 0.175 0.496094 0.176389 0.496094 0.183333 0.496875 0.183333 0.497656 0.184722 0.498438 0.184722 0.499219 0.186111 0.5 0.186111 0.500781 0.1875 0.501562 0.186111 0.502344 0.186111 0.503125 0.184722 0.503906 0.184722 0.504687 0.183333 0.505469 0.183333 0.505469 0.177778 0.502344 0.172222 0.501562 0.172222 0.499219 0.168056
0 0.041406 0.136111 0.041406 0.141667 0.042188 0.143056 0.044531 0.143056 0.046094 0.140278 0.046094 0.138889 0.044531 0.136111
0 0.688281 0.083333 0.685156 0.088889 0.685156 0.094444 0.685938 0.095833 0.685938 0.098611 0.689062 0.104167 0.689844 0.102778 0.690625 0.102778 0.692188 0.1 0.692188 0.097222 0.692969 0.095833 0.692969 0.086111 0.692188 0.084722 0.689062 0.084722
0 0.069531 0.061111 0.069531 0.068056 0.070312 0.068056 0.071875 0.070833 0.072656 0.070833 0.074219 0.068056 0.074219 0.066667 0.073438 0.065278 0.073438 0.063889 0.071875 0.063889 0.071094 0.0625 0.070312 0.0625
0 0.925 0.058333 0.925 0.059722 0.923438 0.0625 0.923438 0.072222 0.924219 0.072222 0.925 0.070833 0.926562 0.070833 0.927344 0.069444 0.928125 0.069444 0.930469 0.065278 0.930469 0.059722 0.929688 0.059722 0.928906 0.058333
0 0.0125 0.055556 0.0125 0.059722 0.013281 0.061111 0.013281 0.0625 0.014062 0.0625 0.015625 0.065278 0.016406 0.065278 0.016406 0.0625 0.017188 0.061111 0.017188 0.058333 0.016406 0.056944 0.016406 0.055556
0 0.851562 0.011111 0.848438 0.016667 0.848438 0.019444 0.849219 0.020833 0.849219 0.025 0.85 0.025 0.850781 0.026389 0.851562 0.026389 0.852344 0.027778 0.854688 0.027778 0.85625 0.025 0.85625 0.023611 0.857031 0.022222 0.857031 0.015278 0.855469 0.0125 0.853906 0.0125 0.853125 0.011111
