0 0.192969 0.944444 0.190625 0.948611 0.190625 0.951389 0.191406 0.952778 0.191406 0.956944 0.192188 0.958333 0.191406 0.959722 0.191406 0.9625 0.192969 0.965278 0.194531 0.965278 0.196094 0.9625 0.196094 0.958333 0.197656 0.955556 0.197656 0.952778 0.199219 0.95 0.199219 0.947222 0.197656 0.944444 0.196094 0.944444 0.195312 0.945833 0.194531 0.944444
0 0.127344 0.922222 0.126562 0.923611 0.125 0.923611 0.122656 0.927778 0.122656 0.933333 0.126562 0.940278 0.128125 0.940278 0.129688 0.9375 0.130469 0.938889 0.130469 0.940278 0.132031 0.943056 0.133594 0.943056 0.135156 0.940278 0.135156 0.9375 0.133594 0.934722 0.132812 0.934722 0.132031 0.933333 0.132031 0.930556 0.130469 0.927778 0.130469 0.925 0.128906 0.922222
0 0.197656 0.911111 0.196094 0.913889 0.196094 0.918056 0.195312 0.919444 0.195312 0.923611 0.196094 0.925 0.196094 0.929167 0.197656 0.931944 0.200781 0.931944 0.201562 0.930556 0.203125 0.930556 0.204688 0.927778 0.204688 0.923611 0.203125 0.920833 0.201562 0.920833 0.200781 0.919444 0.201562 0.918056 0.201562 0.915278 0.199219 0.911111
0 0.20625 0.891667 0.204688 0.894444 0.204688 0.897222 0.20625 0.9 0.207812 0.9 0.209375 0.897222 0.209375 0.894444 0.207812 0.891667
0 0.333594 0.783333 0.332031 0.786111 0.332031 0.790278 0.33125 0.791667 0.330469 0.790278 0.328906 0.790278 0.326562 0.794444 0.326562 0.798611 0.328125 0.801389 0.327344 0.802778 0.327344 0.805556 0.328125 0.806944 0.328125 0.808333 0.329688 0.811111 0.330469 0.811111 0.33125 0.8125 0.333594 0.8125 0.335938 0.808333 0.335938 0.802778 0.3375 0.8 0.3375 0.7875 0.335156 0.783333
0 0.951562 0.625 0.95 0.627778 0.95 0.630556 0.951562 0.633333 0.951562 0.634722 0.950781 0.636111 0.950781 0.6375 0.95 0.638889 0.95 0.644444 0.951562 0.647222 0.953125 0.647222 0.954688 0.644444 0.954688 0.640278 0.955469 0.638889 0.955469 0.636111 0.953906 0.633333 0.953906 0.631944 0.954688 0.630556 0.954688 0.627778 0.953125 0.625
0 0.827344 0.597222 0.825781 0.6 0.825781 0.602778 0.827344 0.605556 0.828906 0.605556 0.830469 0.602778 0.830469 0.6 0.828906 0.597222
0 0.823438 0.5875 0.821094 0.591667 0.820312 0.591667 0.81875 0.588889 0.817188 0.588889 0.815625 0.591667 0.815625 0.594444 0.817188 0.597222 0.817969 0.597222 0.819531 0.6 0.821094 0.6 0.823438 0.595833 0.825 0.595833 0.826562 0.593056 0.826562 0.590278 0.825 0.5875
0 0.479688 0.577778 0.477344 0.581944 0.474219 0.581944 0.472656 0.579167 0.470312 0.579167 0.46875 0.581944 0.46875 0.584722 0.470312 0.5875 0.471875 0.5875 0.473438 0.590278 0.478906 0.590278 0.482812 0.583333 0.482812 0.580556 0.48125 0.577778
0 0.551562 0.544444 0.550781 0.545833 0.55 0.545833 0.546875 0.551389 0.546875 0.552778 0.547656 0.551389 0.55 0.551389 0.550781 0.55 0.551562 0.55 0.553125 0.547222 0.554688 0.547222 0.555469 0.548611 0.553906 0.551389 0.553125 0.551389 0.550781 0.555556 0.55 0.555556 0.550781 0.555556 0.551562 0.556944 0.551562 0.558333 0.552344 0.558333 0.553125 0.559722 0.555469 0.559722 0.55625 0.558333 0.557812 0.558333 0.558594 0.559722 0.559375 0.559722 0.560938 0.5625 0.560938 0.563889 0.561719 0.565278 0.5625 0.565278 0.563281 0.563889 0.563281 0.558333 0.559375 0.551389 0.557812 0.554167 0.557031 0.552778 0.557031 0.551389 0.555469 0.548611 0.55625 0.547222 0.554688 0.547222 0.553906 0.545833 0.553906 0.544444
0 0.582812 0.5375 0.582031 0.538889 0.578125 0.538889 0.577344 0.540278 0.576562 0.540278 0.576562 0.543056 0.577344 0.544444 0.577344 0.55 0.578906 0.552778 0.578906 0.554167 0.580469 0.556944 0.58125 0.556944 0.582031 0.558333 0.582812 0.558333 0.583594 0.556944 0.584375 0.556944 0.585156 0.558333 0.586719 0.558333 0.5875 0.556944 0.589844 0.556944 0.590625 0.558333 0.590625 0.559722 0.591406 0.561111 0.59375 0.561111 0.59375 0.559722 0.594531 0.558333 0.594531 0.556944 0.595312 0.555556 0.595312 0.551389 0.59375 0.548611 0.592188 0.548611 0.591406 0.547222 0.591406 0.545833 0.59375 0.541667 0.590625 0.541667 0.589844 0.543056 0.589844 0.545833 0.589062 0.547222 0.5875 0.547222 0.585156 0.543056 0.585156 0.540278 0.584375 0.538889 0.583594 0.538889
0 0.282031 0.502778 0.280469 0.505556 0.280469 0.508333 0.282031 0.511111 0.283594 0.511111 0.285156 0.508333 0.285156 0.505556 0.283594 0.502778
0 0.95 0.497222 0.948438 0.5 0.948438 0.502778 0.949219 0.504167 0.949219 0.508333 0.950781 0.511111 0.952344 0.511111 0.953906 0.508333 0.953906 0.505556 0.953125 0.504167 0.953125 0.5 0.951562 0.497222
0 0.286719 0.4875 0.285156 0.490278 0.285156 0.493056 0.285938 0.494444 0.285938 0.495833 0.2875 0.498611 0.288281 0.498611 0.289062 0.5 0.290625 0.5 0.292188 0.497222 0.292188 0.494444 0.288281 0.4875
0 0.476562 0.476389 0.473438 0.481944 0.473438 0.484722 0.475 0.4875 0.476562 0.4875 0.478125 0.484722 0.478906 0.484722 0.480469 0.481944 0.480469 0.479167 0.478906 0.476389
0 0.728906 0.452778 0.725781 0.458333 0.725781 0.461111 0.727344 0.463889 0.729688 0.463889 0.730469 0.465278 0.732031 0.465278 0.733594 0.468056 0.735156 0.468056 0.736719 0.465278 0.736719 0.461111 0.7375 0.459722 0.7375 0.456944 0.735938 0.454167 0.733594 0.454167 0.732812 0.455556 0.732031 0.455556 0.730469 0.452778
0 0.904688 0.413889 0.903125 0.416667 0.903125 0.425 0.904688 0.427778 0.90625 0.427778 0.907812 0.425 0.907812 0.416667 0.90625 0.413889
0 0.559375 0.334722 0.557812 0.3375 0.557812 0.355556 0.558594 0.356944 0.558594 0.358333 0.560156 0.361111 0.561719 0.361111 0.563281 0.358333 0.563281 0.356944 0.564062 0.355556 0.564844 0.356944 0.566406 0.356944 0.567969 0.354167 0.567969 0.352778 0.570312 0.348611 0.570312 0.345833 0.56875 0.343056 0.567188 0.343056 0.566406 0.344444 0.565625 0.344444 0.564062 0.347222 0.564062 0.348611 0.563281 0.35 0.5625 0.348611 0.5625 0.3375 0.560938 0.334722
0 0.290625 0.323611 0.289062 0.326389 0.289062 0.329167 0.290625 0.331944 0.292188 0.331944 0.29375 0.329167 0.29375 0.326389 0.292188 0.323611
0 0.221094 0.305556 0.219531 0.308333 0.219531 0.311111 0.222656 0.316667 0.222656 0.318056 0.221875 0.319444 0.221875 0.322222 0.223438 0.325 0.225 0.325 0.226562 0.322222 0.226562 0.319444 0.225 0.316667 0.225 0.315278 0.225781 0.313889 0.225781 0.311111 0.222656 0.305556
0 0.142969 0.305556 0.141406 0.308333 0.141406 0.313889 0.142969 0.316667 0.144531 0.316667 0.146094 0.313889 0.146094 0.308333 0.144531 0.305556
0 0.635156 0.284722 0.633594 0.2875 0.633594 0.288889 0.63125 0.293056 0.63125 0.295833 0.630469 0.297222 0.630469 0.301389 0.632031 0.304167 0.633594 0.304167 0.635156 0.301389 0.635156 0.3 0.635938 0.298611 0.635938 0.297222 0.636719 0.295833 0.636719 0.294444 0.638281 0.291667 0.638281 0.2875 0.636719 0.284722
0 0.151562 0.255556 0.15 0.258333 0.15 0.259722 0.149219 0.261111 0.149219 0.263889 0.150781 0.266667 0.153125 0.266667 0.153906 0.268056 0.155469 0.268056 0.157031 0.265278 0.157031 0.2625 0.153125 0.255556
0 0.928125 0.183333 0.926562 0.186111 0.926562 0.190278 0.928125 0.193056 0.929688 0.193056 0.93125 0.190278 0.93125 0.186111 0.929688 0.183333
0 0.279688 0.1125 0.278125 0.115278 0.278125 0.118056 0.279688 0.120833 0.28125 0.120833 0.283594 0.125 0.285938 0.125 0.2875 0.122222 0.2875 0.118056 0.285938 0.115278 0.284375 0.115278 0.283594 0.116667 0.28125 0.1125
0 0.327344 0.088889 0.325 0.093056 0.323438 0.093056 0.321875 0.095833 0.321875 0.098611 0.323438 0.101389 0.325 0.101389 0.326562 0.098611 0.328906 0.098611 0.330469 0.095833 0.330469 0.091667 0.328906 0.088889
0 0.517969 0.073611 0.516406 0.076389 0.516406 0.079167 0.517188 0.080556 0.517188 0.083333 0.51875 0.086111 0.520312 0.086111 0.521875 0.083333 0.521875 0.080556 0.521094 0.079167 0.521094 0.076389 0.519531 0.073611
0 0.820312 0.0625 0.81875 0.065278 0.81875 0.068056 0.820312 0.070833 0.821875 0.070833 0.823438 0.068056 0.823438 0.065278 0.821875 0.0625
0 0.96875 0.018056 0.967188 0.020833 0.967188 0.023611 0.96875 0.026389 0.970312 0.026389 0.971875 0.023611 0.971875 0.020833 0.970312 0.018056
0 0.953906 0.018056 0.952344 0.020833 0.952344 0.023611 0.953906 0.026389 0.955469 0.026389 0.957031 0.023611 0.957031 0.020833 0.955469 0.018056
0 0.34375 0.0 0.34375 0.001389 0.345312 0.004167 0.345312 0.005556 0.346094 0.006944 0.346094 0.009722 0.345312 0.011111 0.345312 0.015278 0.346875 0.018056 0.348438 0.018056 0.350781 0.013889 0.350781 0.004167 0.35 0.002778 0.35 0.001389 0.349219 0.0
