0 0.811719 0.758333 0.810938 0.759722 0.808594 0.759722 0.804688 0.766667 0.805469 0.768056 0.805469 0.769444 0.80625 0.770833 0.80625 0.772222 0.807031 0.770833 0.810156 0.770833 0.811719 0.768056 0.811719 0.766667 0.8125 0.765278 0.8125 0.758333
0 0.816406 0.755556 0.815625 0.756944 0.815625 0.765278 0.817969 0.765278 0.817969 0.755556
0 0.592188 0.726389 0.591406 0.727778 0.590625 0.727778 0.590625 0.729167 0.589844 0.730556 0.589844 0.731944 0.588281 0.734722 0.588281 0.736111 0.5875 0.7375 0.5875 0.738889 0.585938 0.741667 0.585938 0.744444 0.585156 0.745833 0.585156 0.75 0.584375 0.751389 0.584375 0.752778 0.588281 0.752778 0.589062 0.754167 0.590625 0.754167 0.592188 0.751389 0.592969 0.751389 0.59375 0.75 0.594531 0.75 0.595312 0.748611 0.596094 0.748611 0.598438 0.744444 0.598438 0.740278 0.599219 0.738889 0.599219 0.734722 0.6 0.733333 0.6 0.730556 0.599219 0.729167 0.599219 0.727778 0.598438 0.726389
0 0.903125 0.695833 0.903125 0.698611 0.902344 0.7 0.902344 0.701389 0.903125 0.702778 0.903125 0.708333 0.903906 0.708333 0.904688 0.709722 0.904688 0.697222 0.903906 0.697222
0 0.55625 0.618056 0.555469 0.619444 0.555469 0.622222 0.554688 0.623611 0.554688 0.625 0.553906 0.626389 0.554688 0.627778 0.554688 0.629167 0.555469 0.630556 0.555469 0.633333 0.55625 0.633333 0.557031 0.634722 0.559375 0.634722 0.559375 0.633333 0.560156 0.631944 0.560156 0.630556 0.560938 0.629167 0.560938 0.627778 0.561719 0.626389 0.561719 0.625 0.5625 0.623611 0.561719 0.622222 0.561719 0.620833 0.560156 0.618056
0 0.416406 0.604167 0.415625 0.605556 0.415625 0.606944 0.414844 0.608333 0.414844 0.611111 0.415625 0.6125 0.415625 0.616667 0.416406 0.618056 0.41875 0.618056 0.419531 0.619444 0.420312 0.619444 0.420312 0.618056 0.421094 0.616667 0.421094 0.611111 0.420312 0.609722 0.420312 0.608333 0.419531 0.606944 0.419531 0.605556 0.41875 0.605556 0.417969 0.604167
0 0.496094 0.601389 0.492969 0.606944 0.492188 0.606944 0.491406 0.608333 0.491406 0.6125 0.492188 0.613889 0.492188 0.619444 0.492969 0.620833 0.492969 0.623611 0.49375 0.625 0.49375 0.627778 0.494531 0.629167 0.494531 0.630556 0.496094 0.627778 0.496094 0.626389 0.496875 0.625 0.496875 0.623611 0.497656 0.622222 0.497656 0.6125 0.496875 0.611111 0.496875 0.606944 0.496094 0.605556
0 0.557812 0.594444 0.557031 0.595833 0.55625 0.595833 0.555469 0.597222 0.555469 0.601389 0.55625 0.602778 0.559375 0.602778 0.560156 0.604167 0.559375 0.602778 0.559375 0.601389 0.558594 0.6 0.558594 0.594444
0 0.553125 0.580556 0.552344 0.581944 0.551562 0.581944 0.550781 0.583333 0.55 0.583333 0.55 0.584722 0.551562 0.5875 0.551562 0.588889 0.553906 0.588889 0.554688 0.590278 0.55625 0.590278 0.55625 0.5875 0.557031 0.586111 0.557031 0.584722 0.55625 0.584722 0.553906 0.580556
0 0.289844 0.556944 0.283594 0.568056 0.283594 0.569444 0.284375 0.570833 0.284375 0.572222 0.285156 0.573611 0.285156 0.575 0.285938 0.576389 0.285938 0.577778 0.2875 0.580556 0.2875 0.583333 0.288281 0.584722 0.288281 0.586111 0.289062 0.5875 0.289062 0.588889 0.289844 0.590278 0.289844 0.591667 0.290625 0.593056 0.290625 0.594444 0.291406 0.595833 0.292188 0.594444 0.29375 0.594444 0.294531 0.593056 0.296094 0.593056 0.296875 0.591667 0.298438 0.591667 0.299219 0.590278 0.3 0.590278 0.3 0.588889 0.305469 0.579167 0.305469 0.568056 0.304688 0.566667 0.304688 0.565278 0.303906 0.563889 0.303906 0.5625 0.303125 0.561111 0.303125 0.559722 0.302344 0.558333 0.302344 0.556944
0 0.902344 0.543056 0.902344 0.544444 0.901562 0.545833 0.901562 0.548611 0.900781 0.55 0.900781 0.556944 0.905469 0.556944 0.904688 0.555556 0.904688 0.548611 0.903906 0.547222 0.903906 0.544444 0.903125 0.543056
0 0.667969 0.484722 0.667969 0.493056 0.66875 0.494444 0.66875 0.501389 0.669531 0.502778 0.670312 0.502778 0.671094 0.504167 0.674219 0.504167 0.675 0.502778 0.675781 0.502778 0.675781 0.490278 0.671875 0.490278 0.670312 0.4875 0.669531 0.4875
0 0.602344 0.398611 0.601562 0.4 0.597656 0.4 0.596875 0.401389 0.595312 0.401389 0.594531 0.4 0.588281 0.4 0.588281 0.408333 0.5875 0.409722 0.5875 0.418056 0.588281 0.419444 0.588281 0.423611 0.589062 0.425 0.589062 0.427778 0.589844 0.427778 0.590625 0.429167 0.591406 0.429167 0.592188 0.430556 0.592969 0.430556 0.594531 0.433333 0.595312 0.433333 0.596094 0.434722 0.596875 0.434722 0.596875 0.433333 0.598438 0.430556 0.598438 0.429167 0.599219 0.427778 0.599219 0.426389 0.600781 0.423611 0.600781 0.422222 0.601562 0.420833 0.601562 0.419444 0.602344 0.418056 0.602344 0.416667 0.603125 0.415278 0.603125 0.4125 0.603906 0.411111 0.603906 0.409722 0.604688 0.408333 0.603906 0.406944 0.603906 0.401389 0.603125 0.4 0.603125 0.398611
0 0.611719 0.348611 0.610938 0.35 0.609375 0.35 0.608594 0.351389 0.608594 0.352778 0.607031 0.355556 0.607031 0.356944 0.60625 0.358333 0.60625 0.359722 0.607031 0.361111 0.607031 0.365278 0.607812 0.366667 0.607812 0.368056 0.608594 0.368056 0.609375 0.369444 0.608594 0.370833 0.607031 0.370833 0.60625 0.369444 0.604688 0.369444 0.604688 0.370833 0.603125 0.373611 0.603125 0.381944 0.603906 0.383333 0.603906 0.390278 0.605469 0.390278 0.60625 0.391667 0.60625 0.395833 0.605469 0.397222 0.605469 0.398611 0.607031 0.401389 0.608594 0.401389 0.609375 0.402778 0.610938 0.4 0.610938 0.398611 0.611719 0.397222 0.611719 0.393056 0.6125 0.391667 0.6125 0.379167 0.610938 0.376389 0.610938 0.375 0.608594 0.370833 0.609375 0.369444 0.616406 0.369444 0.617188 0.370833 0.617188 0.375 0.616406 0.376389 0.616406 0.381944 0.615625 0.383333 0.615625 0.384722 0.616406 0.384722 0.617188 0.386111 0.619531 0.386111 0.620312 0.3875 0.621094 0.3875 0.621875 0.386111 0.624219 0.386111 0.625 0.384722 0.625 0.383333 0.625781 0.381944 0.625781 0.379167 0.625 0.377778 0.625 0.375 0.624219 0.373611 0.624219 0.372222 0.623438 0.370833 0.623438 0.369444 0.622656 0.368056 0.621875 0.368056 0.61875 0.3625 0.617969 0.3625 0.616406 0.359722 0.616406 0.358333 0.615625 0.356944 0.615625 0.355556 0.6125 0.35 0.6125 0.348611
0 0.157031 0.326389 0.15625 0.327778 0.15625 0.330556 0.155469 0.331944 0.15625 0.333333 0.15625 0.334722 0.157031 0.336111 0.157812 0.336111 0.158594 0.334722 0.159375 0.334722 0.159375 0.331944 0.160156 0.330556 0.160156 0.327778 0.159375 0.326389
