0 0.51875 0.695833 0.51875 0.704167 0.517969 0.705556 0.517969 0.708333 0.51875 0.709722 0.51875 0.711111 0.521875 0.716667 0.521875 0.718056 0.522656 0.719444 0.528125 0.719444 0.528906 0.718056 0.528906 0.716667 0.529688 0.715278 0.529688 0.713889 0.530469 0.7125 0.530469 0.711111 0.53125 0.709722 0.53125 0.708333 0.530469 0.706944 0.529688 0.706944 0.528906 0.705556 0.527344 0.705556 0.526562 0.704167 0.525781 0.704167 0.525 0.702778 0.524219 0.702778 0.522656 0.7 0.521875 0.7 0.521094 0.698611 0.520312 0.698611
0 0.075 0.6875 0.075 0.688889 0.073438 0.691667 0.073438 0.693056 0.071875 0.695833 0.071875 0.706944 0.072656 0.708333 0.073438 0.708333 0.075 0.711111 0.078125 0.711111 0.078906 0.709722 0.082031 0.709722 0.082812 0.708333 0.085156 0.708333 0.085938 0.706944 0.0875 0.706944 0.088281 0.705556 0.088281 0.704167 0.089062 0.702778 0.089062 0.7 0.089844 0.698611 0.088281 0.695833 0.0875 0.695833 0.086719 0.694444 0.085938 0.694444 0.085156 0.693056 0.084375 0.693056 0.082812 0.690278 0.082031 0.690278 0.08125 0.688889 0.075781 0.688889
0 0.508594 0.620833 0.508594 0.627778 0.509375 0.629167 0.509375 0.636111 0.510156 0.6375 0.510156 0.640278 0.510938 0.641667 0.510938 0.643056 0.511719 0.644444 0.511719 0.647222 0.5125 0.648611 0.5125 0.65 0.513281 0.65 0.517969 0.658333 0.51875 0.658333 0.520312 0.661111 0.521875 0.658333 0.522656 0.658333 0.522656 0.656944 0.523438 0.655556 0.523438 0.654167 0.524219 0.652778 0.524219 0.651389 0.525 0.65 0.525 0.644444 0.524219 0.643056 0.524219 0.640278 0.523438 0.638889 0.523438 0.6375 0.522656 0.6375 0.520312 0.633333 0.519531 0.633333 0.517188 0.629167 0.516406 0.629167 0.514844 0.626389 0.514062 0.626389 0.513281 0.625 0.5125 0.625 0.511719 0.623611 0.510938 0.623611 0.510156 0.622222 0.509375 0.622222
0 0.517969 0.613889 0.517969 0.619444 0.51875 0.620833 0.519531 0.620833 0.521094 0.623611 0.521094 0.620833 0.520312 0.619444 0.520312 0.616667 0.519531 0.615278 0.51875 0.615278
0 0.367969 0.565278 0.367188 0.566667 0.365625 0.566667 0.365625 0.572222 0.364844 0.573611 0.364844 0.580556 0.365625 0.581944 0.365625 0.583333 0.367969 0.5875 0.36875 0.5875 0.369531 0.586111 0.370312 0.586111 0.371094 0.584722 0.371875 0.584722 0.372656 0.583333 0.373438 0.583333 0.374219 0.581944 0.375 0.581944 0.374219 0.580556 0.374219 0.577778 0.373438 0.576389 0.373438 0.573611 0.372656 0.572222 0.372656 0.570833 0.371875 0.569444 0.371875 0.568056 0.371094 0.566667 0.371094 0.565278
0 0.867188 0.509722 0.866406 0.511111 0.865625 0.511111 0.864844 0.5125 0.864062 0.5125 0.8625 0.515278 0.8625 0.520833 0.861719 0.522222 0.861719 0.523611 0.867969 0.523611 0.869531 0.520833 0.870312 0.520833 0.871875 0.518056 0.871875 0.515278 0.872656 0.513889 0.872656 0.511111 0.871875 0.509722
0 0.864062 0.488889 0.8625 0.491667 0.8625 0.497222 0.864844 0.497222 0.864844 0.495833 0.865625 0.494444 0.865625 0.493056 0.866406 0.491667 0.866406 0.490278 0.865625 0.488889
0 0.942188 0.479167 0.941406 0.480556 0.939844 0.480556 0.939844 0.481944 0.939062 0.483333 0.939062 0.486111 0.940625 0.488889 0.941406 0.4875 0.942188 0.4875 0.942188 0.486111 0.942969 0.484722 0.942969 0.480556
0 0.572656 0.416667 0.572656 0.418056 0.571875 0.419444 0.571875 0.422222 0.571094 0.423611 0.571094 0.425 0.570312 0.426389 0.570312 0.427778 0.569531 0.429167 0.569531 0.430556 0.56875 0.431944 0.56875 0.433333 0.567969 0.434722 0.567969 0.436111 0.567188 0.4375 0.567188 0.438889 0.565625 0.441667 0.565625 0.443056 0.564844 0.444444 0.564844 0.445833 0.564062 0.447222 0.564062 0.448611 0.563281 0.45 0.563281 0.465278 0.564062 0.466667 0.564062 0.469444 0.564844 0.470833 0.564844 0.473611 0.565625 0.475 0.565625 0.476389 0.566406 0.477778 0.566406 0.480556 0.567188 0.481944 0.567188 0.483333 0.56875 0.486111 0.56875 0.4875 0.569531 0.488889 0.569531 0.490278 0.570312 0.491667 0.570312 0.493056 0.569531 0.494444 0.56875 0.493056 0.567969 0.493056 0.567188 0.494444 0.567188 0.495833 0.566406 0.497222 0.566406 0.498611 0.565625 0.5 0.565625 0.502778 0.564844 0.504167 0.564844 0.508333 0.564062 0.509722 0.564062 0.515278 0.564844 0.516667 0.564844 0.520833 0.565625 0.522222 0.566406 0.522222 0.567188 0.523611 0.570312 0.523611 0.571094 0.525 0.571875 0.523611 0.571875 0.522222 0.573438 0.519444 0.573438 0.518056 0.574219 0.516667 0.574219 0.513889 0.573438 0.5125 0.573438 0.506944 0.572656 0.505556 0.572656 0.501389 0.571875 0.5 0.572656 0.498611 0.578906 0.498611 0.579688 0.497222 0.579688 0.495833 0.580469 0.494444 0.580469 0.493056 0.582031 0.490278 0.582031 0.488889 0.583594 0.486111 0.585156 0.486111 0.585938 0.4875 0.588281 0.4875 0.589062 0.488889 0.590625 0.488889 0.59375 0.483333 0.59375 0.481944 0.594531 0.480556 0.594531 0.468056 0.59375 0.466667 0.59375 0.4625 0.592969 0.461111 0.592969 0.458333 0.592188 0.456944 0.592188 0.454167 0.591406 0.452778 0.591406 0.45 0.590625 0.448611 0.590625 0.445833 0.589844 0.444444 0.589844 0.441667 0.589062 0.440278 0.589062 0.4375 0.586719 0.433333 0.585938 0.433333 0.582812 0.427778 0.582812 0.422222 0.583594 0.420833 0.582812 0.419444 0.582031 0.419444 0.58125 0.418056 0.580469 0.418056 0.579688 0.416667
0 0.485156 0.1875 0.484375 0.188889 0.484375 0.195833 0.483594 0.197222 0.483594 0.198611 0.484375 0.2 0.484375 0.201389 0.486719 0.205556 0.486719 0.206944 0.492969 0.206944 0.49375 0.208333 0.494531 0.208333 0.495312 0.206944 0.495312 0.205556 0.496094 0.204167 0.495312 0.202778 0.495312 0.201389 0.494531 0.2 0.494531 0.198611 0.49375 0.197222 0.49375 0.195833 0.489062 0.1875
0 0.55625 0.136111 0.554688 0.138889 0.554688 0.147222 0.55625 0.15 0.55625 0.151389 0.557031 0.151389 0.558594 0.148611 0.559375 0.148611 0.560156 0.147222 0.560156 0.144444 0.559375 0.143056 0.559375 0.138889 0.557812 0.136111
0 0.019531 0.030556 0.019531 0.031944 0.017969 0.034722 0.017969 0.036111 0.015625 0.040278 0.015625 0.041667 0.013281 0.045833 0.014062 0.047222 0.014062 0.05 0.014844 0.051389 0.014844 0.052778 0.015625 0.054167 0.015625 0.056944 0.016406 0.058333 0.016406 0.059722 0.017188 0.061111 0.017188 0.063889 0.017969 0.065278 0.017969 0.066667 0.01875 0.068056 0.01875 0.069444 0.019531 0.070833 0.019531 0.073611 0.020312 0.075 0.021094 0.075 0.021875 0.073611 0.024219 0.073611 0.025 0.072222 0.026562 0.072222 0.027344 0.073611 0.028125 0.073611 0.028906 0.075 0.029688 0.075 0.030469 0.076389 0.03125 0.076389 0.032031 0.077778 0.032812 0.077778 0.033594 0.079167 0.035156 0.079167 0.035938 0.077778 0.0375 0.077778 0.038281 0.076389 0.039844 0.076389 0.040625 0.075 0.042188 0.075 0.042969 0.073611 0.044531 0.073611 0.045312 0.072222 0.045312 0.070833 0.044531 0.069444 0.044531 0.068056 0.04375 0.066667 0.04375 0.065278 0.042969 0.063889 0.042969 0.0625 0.042188 0.061111 0.042188 0.059722 0.041406 0.058333 0.041406 0.056944 0.040625 0.055556 0.040625 0.054167 0.039844 0.052778 0.039844 0.051389 0.039062 0.05 0.039062 0.048611 0.038281 0.047222 0.038281 0.045833 0.0375 0.044444 0.0375 0.043056 0.036719 0.041667 0.036719 0.040278 0.035938 0.038889 0.035156 0.038889 0.033594 0.036111 0.032812 0.036111 0.03125 0.033333 0.030469 0.033333 0.028906 0.030556
