0 0.666406 0.745833 0.664844 0.748611 0.664844 0.770833 0.664062 0.772222 0.664062 0.780556 0.664062 0.779167 0.666406 0.775 0.666406 0.773611 0.66875 0.769444 0.66875 0.768056 0.670312 0.765278 0.670312 0.754167 0.669531 0.752778 0.669531 0.75 0.667188 0.745833
0 0.595312 0.731944 0.595312 0.733333 0.594531 0.734722 0.594531 0.736111 0.59375 0.7375 0.59375 0.740278 0.595312 0.743056 0.601562 0.743056 0.601562 0.7375 0.599219 0.733333 0.598438 0.733333 0.597656 0.731944
0 0.947656 0.729167 0.946094 0.731944 0.946094 0.733333 0.944531 0.736111 0.944531 0.763889 0.952344 0.777778 0.952344 0.775 0.953125 0.773611 0.953125 0.772222 0.953906 0.770833 0.953906 0.768056 0.954688 0.766667 0.954688 0.763889 0.955469 0.7625 0.955469 0.761111 0.95625 0.759722 0.95625 0.756944 0.957031 0.755556 0.957031 0.752778 0.957812 0.751389 0.957812 0.748611 0.958594 0.747222 0.957812 0.745833 0.957812 0.740278 0.957031 0.738889 0.957031 0.733333 0.95625 0.733333 0.955469 0.731944 0.952344 0.731944 0.951562 0.730556 0.949219 0.730556 0.948438 0.729167
0 0.596094 0.709722 0.595312 0.711111 0.589062 0.711111 0.589062 0.716667 0.589844 0.718056 0.589844 0.719444 0.590625 0.720833 0.591406 0.720833 0.592188 0.722222 0.59375 0.722222 0.594531 0.720833 0.597656 0.720833 0.597656 0.709722
0 0.735156 0.708333 0.735156 0.709722 0.732812 0.713889 0.733594 0.715278 0.733594 0.718056 0.734375 0.719444 0.734375 0.722222 0.735156 0.723611 0.735156 0.726389 0.735938 0.727778 0.735938 0.729167 0.736719 0.730556 0.736719 0.731944 0.7375 0.733333 0.738281 0.733333 0.739062 0.731944 0.739844 0.731944 0.741406 0.729167 0.742188 0.729167 0.74375 0.726389 0.744531 0.726389 0.744531 0.709722 0.739062 0.709722 0.738281 0.708333
0 0.964062 0.620833 0.963281 0.622222 0.951562 0.622222 0.950781 0.623611 0.944531 0.623611 0.944531 0.626389 0.94375 0.627778 0.94375 0.631944 0.942969 0.633333 0.942969 0.638889 0.94375 0.638889 0.946875 0.644444 0.947656 0.644444 0.949219 0.647222 0.95625 0.647222 0.957031 0.648611 0.964844 0.648611 0.964844 0.633333 0.964062 0.631944
0 0.374219 0.565278 0.373438 0.566667 0.372656 0.566667 0.371875 0.568056 0.371094 0.568056 0.370312 0.569444 0.36875 0.569444 0.367969 0.570833 0.367188 0.570833 0.366406 0.572222 0.366406 0.573611 0.365625 0.575 0.365625 0.576389 0.364844 0.577778 0.364844 0.590278 0.366406 0.590278 0.367188 0.591667 0.370312 0.591667 0.371094 0.593056 0.372656 0.593056 0.372656 0.590278 0.373438 0.588889 0.373438 0.586111 0.374219 0.584722 0.374219 0.583333 0.375 0.581944 0.375 0.580556 0.375781 0.579167 0.375781 0.577778 0.376562 0.576389 0.376562 0.573611 0.375781 0.572222 0.375781 0.569444 0.375 0.568056 0.375 0.566667
0 0.582812 0.475 0.582812 0.476389 0.58125 0.479167 0.58125 0.480556 0.580469 0.481944 0.580469 0.484722 0.58125 0.486111 0.58125 0.4875 0.582812 0.490278 0.582812 0.491667 0.583594 0.493056 0.584375 0.491667 0.585156 0.491667 0.585938 0.490278 0.586719 0.490278 0.586719 0.488889 0.5875 0.4875 0.5875 0.486111 0.588281 0.484722 0.588281 0.476389 0.5875 0.475
0 0.628125 0.295833 0.627344 0.297222 0.626562 0.297222 0.625781 0.298611 0.625781 0.305556 0.626562 0.306944 0.626562 0.3125 0.627344 0.313889 0.628125 0.313889 0.628906 0.315278 0.630469 0.315278 0.63125 0.313889 0.63125 0.3125 0.632031 0.311111 0.632031 0.3 0.63125 0.298611 0.63125 0.297222 0.629688 0.297222 0.628906 0.295833
0 0.50625 0.2875 0.50625 0.305556 0.504687 0.308333 0.504687 0.309722 0.503906 0.311111 0.503125 0.311111 0.501562 0.313889 0.500781 0.313889 0.5 0.315278 0.499219 0.315278 0.499219 0.316667 0.500781 0.319444 0.500781 0.320833 0.503125 0.325 0.503906 0.325 0.504687 0.326389 0.505469 0.326389 0.50625 0.327778 0.507031 0.327778 0.508594 0.330556 0.508594 0.338889 0.509375 0.338889 0.510156 0.340278 0.511719 0.340278 0.5125 0.341667 0.513281 0.341667 0.514062 0.343056 0.514844 0.341667 0.516406 0.341667 0.517969 0.338889 0.517969 0.336111 0.51875 0.334722 0.51875 0.316667 0.515625 0.311111 0.514844 0.311111 0.514062 0.309722 0.513281 0.309722 0.511719 0.306944 0.511719 0.305556 0.5125 0.304167 0.5125 0.302778 0.513281 0.301389 0.513281 0.297222 0.510938 0.293056 0.510938 0.291667 0.509375 0.288889 0.507812 0.288889 0.507031 0.2875
