0 0.4375 0.927778 0.436719 0.929167 0.435156 0.929167 0.434375 0.930556 0.432812 0.930556 0.430469 0.934722 0.430469 0.936111 0.429688 0.9375 0.43125 0.940278 0.43125 0.941667 0.432031 0.943056 0.433594 0.943056 0.435938 0.938889 0.436719 0.938889 0.438281 0.936111 0.439062 0.936111 0.439062 0.931944 0.439844 0.930556 0.438281 0.927778
0 0.603125 0.831944 0.602344 0.833333 0.601562 0.833333 0.601562 0.834722 0.604688 0.834722 0.604688 0.831944
0 0.10625 0.7875 0.10625 0.788889 0.105469 0.790278 0.105469 0.791667 0.103906 0.794444 0.103906 0.797222 0.104688 0.798611 0.104688 0.8 0.105469 0.801389 0.105469 0.804167 0.10625 0.805556 0.10625 0.806944 0.107031 0.808333 0.1125 0.798611 0.1125 0.790278 0.110156 0.790278 0.109375 0.788889 0.107031 0.788889
0 0.649219 0.643056 0.646875 0.647222 0.646094 0.647222 0.646875 0.648611 0.646875 0.652778 0.647656 0.654167 0.648438 0.654167 0.649219 0.655556 0.651562 0.651389 0.654688 0.651389 0.653906 0.65 0.653906 0.648611 0.653125 0.647222 0.653125 0.645833 0.652344 0.644444 0.652344 0.643056
0 0.683594 0.626389 0.683594 0.627778 0.682812 0.629167 0.682812 0.634722 0.683594 0.636111 0.683594 0.638889 0.684375 0.640278 0.684375 0.643056 0.685156 0.644444 0.685156 0.647222 0.685938 0.648611 0.685938 0.65 0.688281 0.654167 0.69375 0.654167 0.69375 0.652778 0.694531 0.651389 0.695312 0.652778 0.695312 0.655556 0.696094 0.656944 0.696094 0.658333 0.697656 0.658333 0.698438 0.659722 0.705469 0.659722 0.70625 0.661111 0.707031 0.661111 0.707031 0.659722 0.707812 0.658333 0.707812 0.656944 0.709375 0.654167 0.707812 0.651389 0.707812 0.65 0.707031 0.648611 0.707031 0.647222 0.70625 0.645833 0.70625 0.644444 0.704688 0.641667 0.704688 0.640278 0.703906 0.638889 0.703906 0.6375 0.703125 0.6375 0.7 0.631944 0.699219 0.631944 0.698438 0.630556 0.694531 0.630556 0.694531 0.648611 0.69375 0.65 0.692969 0.648611 0.692969 0.640278 0.692188 0.638889 0.692188 0.634722 0.689062 0.629167 0.688281 0.629167 0.6875 0.627778 0.685938 0.627778 0.685156 0.626389
0 0.366406 0.565278 0.361719 0.573611 0.361719 0.575 0.358594 0.580556 0.358594 0.588889 0.359375 0.590278 0.359375 0.595833 0.360938 0.598611 0.361719 0.598611 0.363281 0.601389 0.364062 0.601389 0.365625 0.604167 0.366406 0.602778 0.367969 0.602778 0.36875 0.601389 0.370312 0.601389 0.371094 0.6 0.371875 0.6 0.372656 0.598611 0.374219 0.598611 0.375 0.597222 0.375 0.595833 0.375781 0.594444 0.375781 0.593056 0.376562 0.591667 0.376562 0.590278 0.377344 0.588889 0.377344 0.5875 0.375781 0.584722 0.375781 0.583333 0.374219 0.580556 0.374219 0.579167 0.372656 0.576389 0.372656 0.575 0.371875 0.575
0 0.316406 0.405556 0.315625 0.406944 0.315625 0.411111 0.316406 0.411111 0.317188 0.4125 0.320312 0.4125 0.321094 0.411111 0.321094 0.408333 0.320312 0.406944 0.320312 0.405556
0 0.021875 0.295833 0.020312 0.298611 0.019531 0.298611 0.01875 0.3 0.01875 0.301389 0.019531 0.301389 0.020312 0.302778 0.021094 0.302778 0.021875 0.304167 0.022656 0.304167 0.023438 0.305556 0.025 0.305556 0.025781 0.306944 0.028125 0.306944 0.028906 0.308333 0.029688 0.308333 0.030469 0.306944 0.03125 0.306944 0.032812 0.304167 0.033594 0.304167 0.034375 0.302778 0.035156 0.302778 0.034375 0.302778 0.032812 0.3 0.032031 0.3 0.030469 0.297222 0.026562 0.297222 0.025781 0.295833
0 0.032031 0.288889 0.032031 0.290278 0.03125 0.291667 0.03125 0.294444 0.032031 0.294444 0.033594 0.297222 0.034375 0.297222 0.035156 0.298611 0.035938 0.298611 0.036719 0.3 0.042188 0.3 0.042188 0.295833 0.041406 0.294444 0.041406 0.293056 0.040625 0.291667 0.039844 0.291667 0.039062 0.290278 0.035156 0.290278 0.034375 0.288889
0 0.001562 0.273611 0.001562 0.275 0.000781 0.276389 0.000781 0.279167 0.003906 0.284722 0.008594 0.284722 0.009375 0.283333 0.011719 0.283333 0.0125 0.281944 0.0125 0.276389 0.011719 0.276389 0.010938 0.275 0.008594 0.275 0.007812 0.273611
