0 0.361719 0.969444 0.361719 0.972222 0.360938 0.973611 0.360938 0.975 0.360156 0.976389 0.360156 0.977778 0.359375 0.979167 0.359375 0.980556 0.360938 0.983333 0.361719 0.983333 0.364062 0.9875 0.365625 0.9875 0.366406 0.986111 0.36875 0.986111 0.369531 0.984722 0.371094 0.984722 0.371875 0.983333 0.371875 0.970833 0.367969 0.970833 0.367188 0.969444
0 0.320312 0.869444 0.319531 0.870833 0.314844 0.870833 0.314062 0.872222 0.309375 0.872222 0.309375 0.880556 0.308594 0.881944 0.308594 0.8875 0.310156 0.890278 0.310938 0.890278 0.314844 0.897222 0.316406 0.897222 0.317969 0.894444 0.31875 0.894444 0.320312 0.891667 0.321094 0.891667 0.321094 0.873611 0.320312 0.872222
0 0.598438 0.540278 0.597656 0.541667 0.596875 0.541667 0.596094 0.543056 0.595312 0.543056 0.594531 0.544444 0.59375 0.544444 0.592188 0.547222 0.592188 0.556944 0.591406 0.558333 0.591406 0.563889 0.596875 0.573611 0.598438 0.573611 0.599219 0.572222 0.6 0.572222 0.600781 0.570833 0.601562 0.570833 0.602344 0.569444 0.603125 0.569444 0.603906 0.568056 0.604688 0.568056 0.605469 0.566667 0.605469 0.565278 0.60625 0.563889 0.60625 0.561111 0.607031 0.559722 0.607031 0.558333 0.607812 0.556944 0.607812 0.555556 0.608594 0.554167 0.607812 0.552778 0.607812 0.551389 0.607031 0.55 0.607031 0.548611 0.60625 0.547222 0.60625 0.545833 0.605469 0.544444 0.605469 0.543056 0.604688 0.541667 0.604688 0.540278
0 0.135156 0.511111 0.134375 0.5125 0.133594 0.5125 0.132812 0.513889 0.132812 0.518056 0.132031 0.519444 0.132031 0.527778 0.132812 0.529167 0.132812 0.534722 0.133594 0.536111 0.134375 0.536111 0.135156 0.5375 0.135938 0.5375 0.1375 0.540278 0.139062 0.540278 0.144531 0.530556 0.144531 0.529167 0.145312 0.527778 0.145312 0.526389 0.146094 0.525 0.146094 0.522222 0.146875 0.520833 0.146875 0.519444 0.144531 0.515278 0.14375 0.515278 0.142188 0.5125 0.135938 0.5125
0 0.666406 0.466667 0.664844 0.469444 0.664062 0.469444 0.661719 0.473611 0.661719 0.475 0.6625 0.476389 0.6625 0.481944 0.663281 0.483333 0.664062 0.483333 0.664844 0.484722 0.665625 0.484722 0.666406 0.486111 0.667188 0.486111 0.66875 0.488889 0.670312 0.488889 0.671094 0.4875 0.671875 0.4875 0.673438 0.484722 0.674219 0.484722 0.674219 0.479167 0.673438 0.477778 0.673438 0.472222 0.672656 0.472222 0.671875 0.470833 0.671094 0.470833 0.670312 0.469444 0.669531 0.469444 0.66875 0.468056 0.667969 0.468056 0.667188 0.466667
0 0.096094 0.4625 0.095312 0.463889 0.094531 0.463889 0.09375 0.465278 0.092969 0.465278 0.09375 0.466667 0.09375 0.469444 0.094531 0.470833 0.094531 0.472222 0.095312 0.473611 0.095312 0.475 0.096094 0.475 0.097656 0.477778 0.098438 0.477778 0.099219 0.479167 0.1 0.479167 0.1 0.477778 0.101562 0.475 0.101562 0.473611 0.102344 0.472222 0.102344 0.469444 0.100781 0.466667 0.100781 0.465278 0.1 0.463889 0.1 0.4625
0 0.579688 0.393056 0.572656 0.405556 0.571094 0.405556 0.570312 0.406944 0.569531 0.406944 0.56875 0.408333 0.567188 0.408333 0.566406 0.409722 0.564844 0.409722 0.564062 0.408333 0.563281 0.408333 0.5625 0.406944 0.561719 0.406944 0.560938 0.405556 0.560156 0.405556 0.559375 0.404167 0.558594 0.404167 0.557812 0.405556 0.555469 0.405556 0.554688 0.406944 0.552344 0.406944 0.551562 0.408333 0.55 0.408333 0.55 0.418056 0.553125 0.418056 0.553906 0.416667 0.559375 0.416667 0.560938 0.419444 0.560938 0.422222 0.561719 0.423611 0.561719 0.425 0.5625 0.426389 0.5625 0.427778 0.563281 0.427778 0.564062 0.426389 0.567969 0.426389 0.56875 0.425 0.571094 0.425 0.571875 0.423611 0.572656 0.423611 0.574219 0.420833 0.575 0.420833 0.575781 0.419444 0.576562 0.419444 0.577344 0.418056 0.578125 0.418056 0.578125 0.416667 0.580469 0.4125 0.580469 0.411111 0.582031 0.408333 0.582031 0.406944 0.582812 0.405556 0.582812 0.402778 0.582031 0.401389 0.582031 0.4 0.58125 0.398611 0.58125 0.397222 0.580469 0.395833 0.580469 0.394444
0 0.557812 0.366667 0.557031 0.368056 0.553125 0.368056 0.552344 0.369444 0.55 0.369444 0.55 0.375 0.550781 0.376389 0.550781 0.381944 0.552344 0.384722 0.552344 0.386111 0.554688 0.390278 0.554688 0.391667 0.55625 0.394444 0.558594 0.394444 0.559375 0.393056 0.560156 0.393056 0.560938 0.391667 0.5625 0.391667 0.563281 0.390278 0.573438 0.390278 0.574219 0.388889 0.577344 0.388889 0.578125 0.3875 0.578906 0.3875 0.579688 0.386111 0.579688 0.384722 0.582812 0.379167 0.582812 0.377778 0.583594 0.376389 0.58125 0.372222 0.580469 0.372222 0.579688 0.370833 0.578125 0.370833 0.577344 0.369444 0.575 0.369444 0.574219 0.368056 0.571875 0.368056 0.571094 0.366667
0 0.566406 0.329167 0.566406 0.330556 0.565625 0.331944 0.565625 0.333333 0.564844 0.334722 0.564844 0.336111 0.564062 0.3375 0.564062 0.343056 0.564844 0.344444 0.564844 0.347222 0.565625 0.348611 0.565625 0.351389 0.566406 0.352778 0.567188 0.352778 0.567969 0.354167 0.56875 0.354167 0.570312 0.356944 0.571094 0.356944 0.571875 0.358333 0.572656 0.356944 0.574219 0.356944 0.575 0.355556 0.576562 0.355556 0.577344 0.354167 0.578125 0.354167 0.578906 0.352778 0.579688 0.352778 0.580469 0.351389 0.58125 0.351389 0.582812 0.348611 0.583594 0.348611 0.584375 0.347222 0.585156 0.347222 0.584375 0.345833 0.584375 0.343056 0.583594 0.341667 0.583594 0.340278 0.582812 0.338889 0.582812 0.3375 0.580469 0.3375 0.579688 0.336111 0.578906 0.336111 0.578125 0.3375 0.572656 0.3375 0.571875 0.336111 0.571094 0.336111 0.567969 0.330556 0.567188 0.330556
0 0.953125 0.211111 0.952344 0.2125 0.951562 0.2125 0.950781 0.213889 0.949219 0.213889 0.947656 0.216667 0.946875 0.216667 0.94375 0.222222 0.944531 0.223611 0.944531 0.226389 0.945312 0.227778 0.952344 0.227778 0.953125 0.226389 0.95625 0.226389 0.95625 0.216667
0 0.14375 0.201389 0.142969 0.202778 0.141406 0.202778 0.142188 0.204167 0.142188 0.205556 0.142969 0.206944 0.142969 0.208333 0.14375 0.209722 0.146875 0.209722 0.147656 0.211111 0.148438 0.209722 0.148438 0.208333 0.149219 0.206944 0.149219 0.202778 0.148438 0.202778 0.147656 0.201389
0 0.125 0.195833 0.124219 0.197222 0.121094 0.197222 0.119531 0.2 0.121094 0.202778 0.121094 0.204167 0.121875 0.205556 0.123438 0.205556 0.124219 0.204167 0.125781 0.204167 0.125781 0.197222
0 0.589844 0.184722 0.589062 0.186111 0.588281 0.186111 0.5875 0.1875 0.586719 0.1875 0.585938 0.188889 0.585938 0.2 0.5875 0.202778 0.5875 0.204167 0.591406 0.211111 0.591406 0.2125 0.592969 0.215278 0.596094 0.215278 0.596875 0.216667 0.597656 0.216667 0.599219 0.213889 0.599219 0.2125 0.6 0.211111 0.6 0.209722 0.601562 0.206944 0.601562 0.205556 0.602344 0.204167 0.602344 0.201389 0.601562 0.2 0.601562 0.193056 0.596875 0.193056 0.595312 0.190278 0.594531 0.190278 0.59375 0.188889 0.592969 0.188889 0.591406 0.186111 0.590625 0.186111
0 0.94375 0.145833 0.942188 0.148611 0.942188 0.151389 0.942969 0.152778 0.94375 0.152778 0.944531 0.154167 0.946094 0.154167 0.946875 0.152778 0.948438 0.152778 0.949219 0.151389 0.949219 0.15 0.95 0.148611 0.95 0.147222 0.948438 0.147222 0.947656 0.145833
