0 0.625 0.618056 0.624219 0.619444 0.623438 0.619444 0.622656 0.620833 0.621875 0.620833 0.621875 0.622222 0.620312 0.625 0.620312 0.626389 0.619531 0.627778 0.619531 0.630556 0.617969 0.633333 0.617188 0.633333 0.617188 0.636111 0.616406 0.6375 0.615625 0.6375 0.615625 0.643056 0.616406 0.641667 0.617188 0.643056 0.617969 0.643056 0.61875 0.641667 0.621094 0.641667 0.621094 0.640278 0.621875 0.638889 0.622656 0.638889 0.623438 0.6375 0.625781 0.6375 0.626562 0.638889 0.628125 0.638889 0.627344 0.638889 0.626562 0.6375 0.626562 0.633333 0.628125 0.630556 0.628125 0.622222 0.626562 0.619444 0.626562 0.618056
0 0.607031 0.555556 0.60625 0.556944 0.602344 0.556944 0.601562 0.558333 0.600781 0.558333 0.599219 0.561111 0.599219 0.5625 0.597656 0.565278 0.596875 0.565278 0.595312 0.568056 0.595312 0.569444 0.594531 0.570833 0.594531 0.572222 0.59375 0.573611 0.59375 0.575 0.592969 0.576389 0.592969 0.581944 0.59375 0.583333 0.594531 0.583333 0.595312 0.584722 0.595312 0.586111 0.596875 0.588889 0.596875 0.590278 0.594531 0.594444 0.59375 0.594444 0.592969 0.595833 0.591406 0.595833 0.590625 0.597222 0.589844 0.597222 0.590625 0.598611 0.590625 0.601389 0.591406 0.602778 0.591406 0.604167 0.590625 0.605556 0.590625 0.609722 0.589844 0.611111 0.586719 0.611111 0.586719 0.619444 0.5875 0.620833 0.5875 0.622222 0.588281 0.620833 0.589062 0.622222 0.589844 0.622222 0.591406 0.625 0.591406 0.626389 0.595312 0.633333 0.596094 0.633333 0.598438 0.6375 0.599219 0.6375 0.6 0.636111 0.600781 0.636111 0.601562 0.634722 0.602344 0.634722 0.603906 0.631944 0.605469 0.631944 0.605469 0.630556 0.60625 0.629167 0.607031 0.629167 0.610156 0.623611 0.610156 0.622222 0.611719 0.619444 0.611719 0.618056 0.613281 0.615278 0.613281 0.613889 0.615625 0.609722 0.615625 0.608333 0.617188 0.605556 0.617188 0.604167 0.617969 0.602778 0.617969 0.601389 0.619531 0.598611 0.619531 0.597222 0.621094 0.594444 0.621094 0.593056 0.622656 0.590278 0.622656 0.588889 0.623438 0.5875 0.623438 0.584722 0.622656 0.583333 0.621875 0.583333 0.621094 0.581944 0.621094 0.580556 0.621875 0.579167 0.621875 0.575 0.622656 0.573611 0.622656 0.568056 0.621875 0.566667 0.621875 0.565278 0.620312 0.5625 0.61875 0.5625 0.617969 0.563889 0.617188 0.563889 0.613281 0.556944 0.610156 0.556944 0.609375 0.555556
0 0.953906 0.420833 0.951562 0.425 0.951562 0.427778 0.953125 0.430556 0.953125 0.431944 0.958594 0.431944 0.959375 0.433333 0.960156 0.433333 0.960938 0.434722 0.961719 0.434722 0.9625 0.436111 0.963281 0.436111 0.963281 0.433333 0.9625 0.431944 0.9625 0.430556 0.958594 0.423611 0.957812 0.423611 0.957031 0.422222 0.955469 0.422222 0.954688 0.420833
0 0.130469 0.416667 0.130469 0.425 0.13125 0.426389 0.132031 0.426389 0.132812 0.425 0.132812 0.422222 0.132031 0.422222 0.13125 0.420833 0.13125 0.416667
0 0.1375 0.415278 0.1375 0.416667 0.136719 0.418056 0.136719 0.420833 0.1375 0.420833 0.139062 0.423611 0.139062 0.427778 0.139844 0.429167 0.139844 0.430556 0.139844 0.427778 0.140625 0.426389 0.140625 0.418056 0.139844 0.418056 0.139062 0.416667 0.138281 0.416667
0 0.361719 0.408333 0.359375 0.4125 0.359375 0.418056 0.361719 0.422222 0.364844 0.422222 0.367188 0.418056 0.367188 0.4125 0.364844 0.408333
0 0.378906 0.290278 0.377344 0.293056 0.377344 0.295833 0.378906 0.298611 0.380469 0.298611 0.382031 0.295833 0.382031 0.293056 0.380469 0.290278
0 0.528125 0.184722 0.525781 0.188889 0.525781 0.193056 0.527344 0.195833 0.528906 0.195833 0.53125 0.191667 0.53125 0.1875 0.529688 0.184722
0 0.528125 0.158333 0.526562 0.161111 0.526562 0.165278 0.527344 0.166667 0.527344 0.169444 0.529688 0.173611 0.53125 0.173611 0.532031 0.175 0.532031 0.184722 0.534375 0.188889 0.535938 0.188889 0.5375 0.186111 0.5375 0.181944 0.536719 0.180556 0.536719 0.1625 0.535156 0.159722 0.533594 0.159722 0.532031 0.1625 0.529688 0.158333
0 0.555469 0.0 0.555469 0.002778 0.55625 0.004167 0.55625 0.013889 0.557812 0.016667 0.558594 0.016667 0.559375 0.015278 0.560156 0.015278 0.560938 0.013889 0.561719 0.013889 0.563281 0.011111 0.564062 0.011111 0.564062 0.009722 0.565625 0.006944 0.565625 0.001389 0.564844 0.0
0 0.540625 0.0 0.540625 0.013889 0.542188 0.016667 0.542188 0.018056 0.54375 0.020833 0.54375 0.027778 0.542969 0.029167 0.542969 0.033333 0.542188 0.034722 0.541406 0.034722 0.541406 0.0375 0.540625 0.038889 0.540625 0.040278 0.539844 0.041667 0.539844 0.043056 0.540625 0.043056 0.541406 0.044444 0.542188 0.044444 0.542969 0.045833 0.542969 0.047222 0.54375 0.047222 0.546094 0.043056 0.546094 0.041667 0.546875 0.040278 0.547656 0.040278 0.549219 0.0375 0.55 0.0375 0.550781 0.038889 0.55 0.040278 0.550781 0.040278 0.551562 0.041667 0.552344 0.041667 0.553125 0.040278 0.554688 0.040278 0.553906 0.038889 0.553906 0.036111 0.554688 0.034722 0.553906 0.033333 0.553906 0.029167 0.553125 0.027778 0.553906 0.026389 0.551562 0.022222 0.551562 0.020833 0.552344 0.019444 0.552344 0.018056 0.551562 0.016667 0.552344 0.015278 0.552344 0.009722 0.551562 0.008333 0.551562 0.005556 0.550781 0.004167 0.550781 0.0
