0 0.24375 0.783333 0.242969 0.784722 0.242188 0.784722 0.241406 0.786111 0.240625 0.786111 0.239844 0.7875 0.239062 0.7875 0.238281 0.788889 0.2375 0.788889 0.236719 0.790278 0.235938 0.790278 0.234375 0.793056 0.233594 0.793056 0.232812 0.794444 0.232812 0.795833 0.233594 0.797222 0.233594 0.801389 0.234375 0.802778 0.234375 0.808333 0.235156 0.809722 0.235156 0.813889 0.235938 0.815278 0.235938 0.818056 0.236719 0.818056 0.2375 0.819444 0.239844 0.819444 0.240625 0.820833 0.242969 0.820833 0.24375 0.822222 0.245312 0.822222 0.246094 0.823611 0.248438 0.823611 0.249219 0.825 0.253125 0.825 0.253906 0.823611 0.257031 0.823611 0.257812 0.822222 0.261719 0.822222 0.2625 0.820833 0.265625 0.820833 0.266406 0.819444 0.267969 0.819444 0.267969 0.806944 0.26875 0.805556 0.26875 0.804167 0.267969 0.804167 0.267188 0.802778 0.266406 0.802778 0.265625 0.801389 0.264844 0.801389 0.264062 0.8 0.2625 0.8 0.261719 0.798611 0.260938 0.798611 0.260156 0.797222 0.259375 0.797222 0.258594 0.795833 0.257812 0.795833 0.257031 0.794444 0.25625 0.794444 0.255469 0.793056 0.253906 0.793056 0.253125 0.791667 0.252344 0.791667 0.251563 0.790278 0.250781 0.790278 0.249219 0.7875 0.248438 0.7875 0.246875 0.784722 0.246094 0.784722 0.245312 0.783333
0 0.482812 0.629167 0.482031 0.630556 0.48125 0.630556 0.48125 0.643056 0.482031 0.644444 0.482031 0.647222 0.485938 0.647222 0.485938 0.645833 0.486719 0.644444 0.486719 0.641667 0.4875 0.640278 0.4875 0.6375 0.488281 0.636111 0.488281 0.634722 0.4875 0.633333 0.4875 0.631944 0.485938 0.629167
0 0.860156 0.554167 0.859375 0.555556 0.857031 0.555556 0.857031 0.559722 0.85625 0.561111 0.85625 0.563889 0.854688 0.566667 0.854688 0.568056 0.853906 0.569444 0.853906 0.570833 0.854688 0.572222 0.854688 0.573611 0.85625 0.576389 0.857031 0.576389 0.857812 0.577778 0.859375 0.577778 0.8625 0.583333 0.863281 0.583333 0.864062 0.584722 0.865625 0.584722 0.866406 0.586111 0.867188 0.586111 0.867969 0.584722 0.867969 0.577778 0.867188 0.576389 0.867188 0.573611 0.866406 0.572222 0.866406 0.568056 0.865625 0.566667 0.865625 0.561111 0.864844 0.559722 0.864844 0.556944 0.864062 0.555556 0.863281 0.555556 0.8625 0.554167
0 0.403125 0.498611 0.403125 0.508333 0.403906 0.509722 0.403906 0.511111 0.404688 0.5125 0.404688 0.513889 0.404688 0.511111 0.405469 0.509722 0.405469 0.498611
0 0.410938 0.491667 0.410156 0.493056 0.410156 0.5 0.411719 0.5 0.411719 0.498611 0.4125 0.497222 0.4125 0.494444
0 0.520312 0.463889 0.519531 0.465278 0.51875 0.465278 0.517969 0.466667 0.517969 0.468056 0.517188 0.469444 0.517188 0.470833 0.517969 0.472222 0.517969 0.473611 0.51875 0.475 0.519531 0.473611 0.520312 0.473611 0.521094 0.472222 0.521094 0.465278
0 0.425781 0.436111 0.425781 0.4375 0.425 0.438889 0.425 0.440278 0.426562 0.440278 0.428125 0.4375 0.428125 0.436111
0 0.566406 0.425 0.564844 0.427778 0.564844 0.429167 0.567188 0.433333 0.56875 0.433333 0.569531 0.431944 0.569531 0.427778 0.56875 0.426389 0.567969 0.426389 0.567188 0.425
0 0.608594 0.416667 0.607812 0.418056 0.607812 0.419444 0.60625 0.422222 0.607031 0.423611 0.607031 0.426389 0.607812 0.427778 0.607812 0.429167 0.610156 0.429167 0.610938 0.430556 0.611719 0.430556 0.613281 0.427778 0.614062 0.427778 0.615625 0.425 0.615625 0.422222 0.614844 0.422222 0.614062 0.420833 0.6125 0.420833 0.610938 0.418056 0.610156 0.418056 0.609375 0.416667
0 0.449219 0.3875 0.448438 0.388889 0.441406 0.388889 0.440625 0.390278 0.439844 0.390278 0.439062 0.391667 0.438281 0.391667 0.4375 0.393056 0.4375 0.394444 0.436719 0.395833 0.436719 0.397222 0.435938 0.398611 0.435938 0.4 0.435156 0.401389 0.435156 0.402778 0.434375 0.404167 0.435156 0.405556 0.435156 0.408333 0.435938 0.409722 0.435938 0.411111 0.439062 0.411111 0.439844 0.4125 0.444531 0.4125 0.445312 0.411111 0.446875 0.411111 0.447656 0.409722 0.451562 0.409722 0.452344 0.408333 0.454688 0.408333 0.454688 0.406944 0.455469 0.405556 0.455469 0.404167 0.457031 0.401389 0.457031 0.4 0.457812 0.398611 0.457031 0.397222 0.457031 0.395833 0.45625 0.394444 0.45625 0.393056 0.455469 0.391667 0.455469 0.390278 0.454688 0.388889 0.453125 0.388889 0.452344 0.3875
0 0.228906 0.372222 0.228125 0.373611 0.227344 0.373611 0.226562 0.375 0.225 0.375 0.224219 0.376389 0.224219 0.377778 0.223438 0.379167 0.223438 0.380556 0.222656 0.381944 0.225 0.386111 0.225 0.3875 0.227344 0.391667 0.230469 0.391667 0.23125 0.390278 0.23125 0.388889 0.232031 0.3875 0.232031 0.384722 0.232812 0.383333 0.232812 0.377778 0.232031 0.376389 0.232031 0.372222
0 0.448438 0.3625 0.447656 0.363889 0.446875 0.363889 0.446094 0.365278 0.445312 0.365278 0.444531 0.366667 0.44375 0.366667 0.442969 0.368056 0.441406 0.368056 0.440625 0.369444 0.439062 0.369444 0.438281 0.370833 0.436719 0.370833 0.435938 0.372222 0.433594 0.372222 0.432812 0.370833 0.432031 0.370833 0.43125 0.369444 0.430469 0.369444 0.430469 0.372222 0.429688 0.373611 0.429688 0.377778 0.430469 0.379167 0.430469 0.380556 0.43125 0.381944 0.43125 0.383333 0.432031 0.384722 0.435938 0.384722 0.436719 0.386111 0.439062 0.386111 0.439844 0.384722 0.440625 0.384722 0.441406 0.383333 0.442969 0.383333 0.44375 0.381944 0.444531 0.381944 0.445312 0.380556 0.446875 0.380556 0.446875 0.379167 0.447656 0.377778 0.447656 0.376389 0.448438 0.375 0.448438 0.373611 0.449219 0.372222 0.448438 0.370833
0 0.440625 0.343056 0.439844 0.344444 0.439062 0.344444 0.438281 0.345833 0.4375 0.345833 0.436719 0.347222 0.435156 0.347222 0.434375 0.345833 0.428125 0.345833 0.426562 0.348611 0.426562 0.35 0.425781 0.351389 0.425781 0.352778 0.426562 0.354167 0.426562 0.358333 0.427344 0.358333 0.428125 0.359722 0.440625 0.359722 0.44375 0.354167 0.44375 0.347222 0.444531 0.345833 0.444531 0.343056
0 0.835938 0.1625 0.835156 0.163889 0.834375 0.163889 0.833594 0.165278 0.832812 0.165278 0.832031 0.166667 0.83125 0.166667 0.829688 0.169444 0.828906 0.169444 0.828906 0.170833 0.829688 0.172222 0.829688 0.173611 0.83125 0.176389 0.83125 0.177778 0.832031 0.179167 0.832031 0.180556 0.833594 0.183333 0.833594 0.184722 0.834375 0.186111 0.839844 0.186111 0.840625 0.1875 0.846875 0.1875 0.85 0.181944 0.850781 0.181944 0.851562 0.180556 0.851562 0.172222 0.852344 0.170833 0.852344 0.168056 0.850781 0.168056 0.85 0.166667 0.849219 0.166667 0.848438 0.165278 0.846875 0.165278 0.846094 0.166667 0.845312 0.166667 0.844531 0.168056 0.84375 0.168056 0.842969 0.169444 0.841406 0.169444 0.840625 0.170833 0.839844 0.170833 0.839062 0.169444 0.839062 0.168056 0.8375 0.165278 0.8375 0.163889 0.836719 0.1625
