0 0.865625 0.472222 0.864844 0.473611 0.864062 0.473611 0.8625 0.476389 0.8625 0.484722 0.864844 0.488889 0.865625 0.488889 0.871094 0.498611 0.871875 0.498611 0.871875 0.497222 0.873438 0.494444 0.873438 0.491667 0.874219 0.490278 0.874219 0.4875 0.875 0.486111 0.875 0.483333 0.870312 0.475 0.869531 0.475 0.86875 0.473611 0.867188 0.473611 0.866406 0.472222
0 0.784375 0.448611 0.782812 0.451389 0.782031 0.451389 0.779688 0.455556 0.778906 0.455556 0.778125 0.456944 0.771094 0.456944 0.771094 0.4625 0.771875 0.463889 0.771875 0.469444 0.772656 0.469444 0.774219 0.472222 0.776562 0.472222 0.777344 0.473611 0.78125 0.473611 0.78125 0.472222 0.782031 0.470833 0.782031 0.469444 0.782812 0.468056 0.786719 0.468056 0.7875 0.469444 0.789844 0.469444 0.789844 0.461111 0.789062 0.459722 0.789062 0.452778 0.788281 0.452778 0.7875 0.451389 0.786719 0.451389 0.785156 0.448611
0 0.319531 0.448611 0.317188 0.452778 0.316406 0.452778 0.314062 0.456944 0.313281 0.456944 0.315625 0.461111 0.315625 0.4625 0.317188 0.465278 0.317188 0.466667 0.31875 0.469444 0.31875 0.470833 0.319531 0.472222 0.321875 0.472222 0.322656 0.470833 0.326562 0.470833 0.327344 0.469444 0.328906 0.469444 0.328906 0.468056 0.329688 0.466667 0.329688 0.465278 0.33125 0.4625 0.33125 0.461111 0.332031 0.459722 0.332031 0.458333 0.327344 0.45 0.325 0.45 0.324219 0.448611
0 0.09375 0.444444 0.092969 0.445833 0.092969 0.447222 0.092188 0.448611 0.091406 0.448611 0.090625 0.45 0.088281 0.45 0.089062 0.451389 0.089062 0.458333 0.092188 0.458333 0.092969 0.456944 0.09375 0.456944 0.094531 0.455556 0.094531 0.447222 0.09375 0.445833
0 0.736719 0.438889 0.734375 0.443056 0.734375 0.444444 0.729688 0.452778 0.730469 0.454167 0.730469 0.455556 0.732812 0.459722 0.732812 0.461111 0.733594 0.461111 0.734375 0.4625 0.735156 0.4625 0.735938 0.463889 0.736719 0.463889 0.7375 0.465278 0.738281 0.463889 0.739062 0.463889 0.739844 0.4625 0.740625 0.4625 0.741406 0.461111 0.742969 0.461111 0.742969 0.451389 0.742188 0.45 0.742188 0.447222 0.741406 0.445833 0.741406 0.444444 0.740625 0.443056 0.740625 0.441667 0.739844 0.440278 0.739844 0.438889
0 0.092188 0.427778 0.091406 0.429167 0.090625 0.429167 0.088281 0.433333 0.088281 0.436111 0.090625 0.436111 0.091406 0.4375 0.092188 0.4375 0.092188 0.436111 0.092969 0.434722 0.092969 0.433333 0.09375 0.431944 0.09375 0.429167 0.092969 0.427778
0 0.25 0.393056 0.25 0.401389 0.250781 0.402778 0.250781 0.404167 0.251563 0.404167 0.252344 0.405556 0.253906 0.405556 0.254688 0.406944 0.255469 0.406944 0.255469 0.405556 0.257031 0.402778 0.257031 0.401389 0.25625 0.4 0.25625 0.398611 0.255469 0.397222 0.255469 0.395833 0.254688 0.394444 0.253906 0.394444 0.253125 0.393056
0 0.602344 0.379167 0.6 0.383333 0.6 0.384722 0.600781 0.386111 0.602344 0.386111 0.603125 0.3875 0.604688 0.3875 0.605469 0.388889 0.607812 0.384722 0.607031 0.383333 0.607031 0.380556 0.605469 0.380556 0.604688 0.379167
0 0.6875 0.334722 0.686719 0.336111 0.683594 0.336111 0.683594 0.355556 0.686719 0.361111 0.686719 0.3625 0.6875 0.363889 0.699219 0.363889 0.7 0.365278 0.701562 0.365278 0.702344 0.366667 0.703906 0.366667 0.704688 0.368056 0.707031 0.368056 0.709375 0.363889 0.709375 0.361111 0.710156 0.359722 0.710156 0.354167 0.710938 0.352778 0.707031 0.345833 0.701562 0.345833 0.7 0.343056 0.699219 0.343056 0.697656 0.340278 0.696875 0.340278 0.695312 0.3375 0.694531 0.3375 0.69375 0.336111 0.692969 0.336111 0.692188 0.334722
0 0.696094 0.3 0.692188 0.306944 0.692969 0.308333 0.692969 0.311111 0.69375 0.3125 0.69375 0.313889 0.694531 0.315278 0.694531 0.318056 0.695312 0.319444 0.695312 0.320833 0.696094 0.322222 0.696094 0.325 0.698438 0.325 0.699219 0.326389 0.700781 0.326389 0.703906 0.320833 0.70625 0.320833 0.707031 0.322222 0.708594 0.322222 0.709375 0.323611 0.710938 0.323611 0.711719 0.325 0.7125 0.325 0.713281 0.326389 0.714062 0.326389 0.714844 0.327778 0.715625 0.327778 0.716406 0.329167 0.717188 0.327778 0.71875 0.327778 0.719531 0.326389 0.720312 0.326389 0.720312 0.318056 0.71875 0.315278 0.71875 0.313889 0.716406 0.309722 0.716406 0.305556 0.717188 0.304167 0.717188 0.302778 0.716406 0.304167 0.714062 0.304167 0.713281 0.305556 0.705469 0.305556 0.704688 0.304167 0.703125 0.304167 0.702344 0.302778 0.7 0.302778 0.699219 0.301389 0.697656 0.301389 0.696875 0.3
0 0.701562 0.273611 0.699219 0.277778 0.699219 0.279167 0.700781 0.281944 0.700781 0.283333 0.701562 0.284722 0.702344 0.284722 0.703125 0.286111 0.705469 0.286111 0.70625 0.2875 0.708594 0.2875 0.709375 0.288889 0.714062 0.288889 0.714844 0.290278 0.715625 0.290278 0.716406 0.291667 0.717969 0.291667 0.71875 0.293056 0.719531 0.293056 0.720312 0.291667 0.721094 0.291667 0.722656 0.288889 0.722656 0.279167 0.720312 0.275 0.720312 0.273611 0.715625 0.273611 0.713281 0.277778 0.711719 0.277778 0.710938 0.276389 0.708594 0.276389 0.707812 0.275 0.704688 0.275 0.703906 0.273611
0 0.239844 0.079167 0.239062 0.080556 0.2375 0.080556 0.236719 0.081944 0.234375 0.081944 0.233594 0.083333 0.232812 0.083333 0.23125 0.086111 0.23125 0.0875 0.230469 0.088889 0.230469 0.090278 0.228906 0.093056 0.228906 0.098611 0.229688 0.1 0.229688 0.102778 0.230469 0.104167 0.230469 0.106944 0.23125 0.108333 0.23125 0.111111 0.232031 0.111111 0.232812 0.1125 0.233594 0.1125 0.234375 0.113889 0.235156 0.113889 0.235938 0.115278 0.238281 0.115278 0.239062 0.113889 0.24375 0.113889 0.244531 0.1125 0.246875 0.1125 0.248438 0.109722 0.248438 0.108333 0.249219 0.106944 0.249219 0.105556 0.250781 0.102778 0.250781 0.101389 0.251563 0.1 0.251563 0.098611 0.253125 0.095833 0.252344 0.094444 0.252344 0.093056 0.250781 0.090278 0.250781 0.088889 0.25 0.0875 0.25 0.086111 0.249219 0.084722 0.249219 0.083333 0.248438 0.081944 0.246094 0.081944 0.245312 0.080556 0.241406 0.080556 0.240625 0.079167
