0 0.090625 0.973611 0.089844 0.975 0.089062 0.975 0.088281 0.976389 0.0875 0.976389 0.086719 0.977778 0.0875 0.979167 0.0875 0.981944 0.089062 0.981944 0.089844 0.983333 0.092188 0.983333 0.09375 0.980556 0.09375 0.979167 0.094531 0.977778 0.09375 0.976389 0.09375 0.973611
0 0.378125 0.798611 0.377344 0.8 0.377344 0.801389 0.375781 0.804167 0.375781 0.805556 0.372656 0.811111 0.375781 0.811111 0.376562 0.809722 0.376562 0.808333 0.378125 0.805556
0 0.373438 0.790278 0.371875 0.793056 0.371875 0.795833 0.373438 0.798611 0.375 0.798611 0.376562 0.795833 0.376562 0.793056 0.375 0.790278
0 0.372656 0.776389 0.371875 0.777778 0.371875 0.780556 0.371094 0.781944 0.371094 0.786111 0.372656 0.786111 0.374219 0.783333 0.374219 0.781944 0.373438 0.780556 0.373438 0.776389
0 0.267188 0.702778 0.266406 0.704167 0.266406 0.705556 0.264844 0.708333 0.264844 0.711111 0.264062 0.7125 0.263281 0.7125 0.2625 0.711111 0.260938 0.711111 0.260156 0.7125 0.260156 0.715278 0.261719 0.718056 0.265625 0.718056 0.266406 0.716667 0.267188 0.718056 0.267188 0.719444 0.267969 0.719444 0.26875 0.720833 0.269531 0.719444 0.270312 0.719444 0.271875 0.716667 0.271875 0.713889 0.271094 0.7125 0.271094 0.711111 0.269531 0.708333 0.269531 0.706944 0.26875 0.706944 0.267188 0.704167
0 0.289062 0.556944 0.2875 0.559722 0.2875 0.5625 0.289844 0.566667 0.289844 0.568056 0.29375 0.575 0.297656 0.575 0.299219 0.572222 0.299219 0.569444 0.297656 0.566667 0.296094 0.566667 0.294531 0.563889 0.294531 0.5625 0.291406 0.556944
0 0.403906 0.55 0.402344 0.552778 0.402344 0.556944 0.403906 0.559722 0.405469 0.559722 0.407031 0.556944 0.407031 0.552778 0.405469 0.55
0 0.292188 0.544444 0.290625 0.547222 0.290625 0.55 0.292188 0.552778 0.29375 0.552778 0.295312 0.55 0.295312 0.547222 0.29375 0.544444
0 0.535938 0.495833 0.535156 0.497222 0.534375 0.497222 0.532812 0.5 0.532812 0.504167 0.534375 0.506944 0.535156 0.506944 0.536719 0.509722 0.538281 0.509722 0.540625 0.505556 0.540625 0.502778 0.539844 0.501389 0.539844 0.5 0.5375 0.495833
0 0.039062 0.495833 0.038281 0.497222 0.0375 0.497222 0.036719 0.498611 0.035938 0.498611 0.034375 0.501389 0.033594 0.501389 0.03125 0.505556 0.032031 0.505556 0.033594 0.508333 0.039844 0.508333 0.040625 0.506944 0.041406 0.506944 0.041406 0.504167 0.042188 0.502778 0.042188 0.498611 0.041406 0.497222 0.041406 0.495833
0 0.025 0.493056 0.025 0.497222 0.024219 0.498611 0.025781 0.501389 0.025781 0.505556 0.026562 0.505556 0.027344 0.506944 0.027344 0.505556 0.03125 0.498611 0.032812 0.498611 0.033594 0.497222 0.034375 0.497222 0.035938 0.494444 0.036719 0.494444 0.036719 0.493056 0.034375 0.493056 0.033594 0.494444 0.032812 0.494444 0.03125 0.497222 0.029688 0.497222 0.028906 0.495833 0.028906 0.494444 0.028125 0.494444 0.027344 0.493056
0 0.06875 0.440278 0.067969 0.441667 0.066406 0.441667 0.065625 0.443056 0.064844 0.443056 0.065625 0.444444 0.065625 0.445833 0.066406 0.447222 0.066406 0.452778 0.065625 0.454167 0.065625 0.455556 0.064844 0.456944 0.064062 0.456944 0.064844 0.456944 0.067969 0.4625 0.06875 0.4625 0.06875 0.461111 0.069531 0.459722 0.06875 0.458333 0.06875 0.455556 0.070312 0.452778 0.071094 0.452778 0.071875 0.454167 0.072656 0.454167 0.073438 0.455556 0.074219 0.454167 0.074219 0.452778 0.075781 0.45 0.078906 0.45 0.078906 0.448611 0.079688 0.447222 0.079688 0.445833 0.078125 0.445833 0.077344 0.444444 0.076562 0.444444 0.075781 0.443056 0.073438 0.443056 0.071875 0.440278
0 0.513281 0.438889 0.511719 0.441667 0.509375 0.441667 0.509375 0.444444 0.508594 0.445833 0.508594 0.448611 0.507812 0.45 0.508594 0.45 0.509375 0.451389 0.509375 0.452778 0.510156 0.452778 0.510938 0.451389 0.511719 0.452778 0.511719 0.456944 0.510938 0.458333 0.510938 0.465278 0.511719 0.466667 0.511719 0.469444 0.514062 0.473611 0.514844 0.473611 0.515625 0.475 0.519531 0.475 0.520312 0.473611 0.522656 0.477778 0.523438 0.477778 0.524219 0.479167 0.525781 0.479167 0.527344 0.476389 0.527344 0.473611 0.525781 0.470833 0.525781 0.468056 0.526562 0.466667 0.528125 0.466667 0.528906 0.465278 0.529688 0.465278 0.530469 0.463889 0.532031 0.463889 0.53125 0.4625 0.532031 0.461111 0.532031 0.459722 0.532812 0.458333 0.532812 0.455556 0.532031 0.454167 0.532031 0.452778 0.53125 0.451389 0.53125 0.447222 0.528125 0.447222 0.527344 0.448611 0.524219 0.448611 0.523438 0.45 0.522656 0.45 0.521875 0.451389 0.521094 0.451389 0.51875 0.447222 0.51875 0.445833 0.517969 0.445833 0.514062 0.438889
0 0.035938 0.422222 0.035938 0.429167 0.039844 0.429167 0.040625 0.427778 0.042188 0.427778 0.042188 0.426389 0.041406 0.425 0.040625 0.425 0.039844 0.423611 0.038281 0.423611 0.0375 0.422222
0 0.521875 0.416667 0.519531 0.420833 0.519531 0.426389 0.520312 0.427778 0.520312 0.431944 0.519531 0.433333 0.519531 0.441667 0.520312 0.443056 0.524219 0.443056 0.525 0.441667 0.525781 0.441667 0.526562 0.440278 0.532812 0.440278 0.535156 0.436111 0.535156 0.425 0.532812 0.420833 0.527344 0.420833 0.525 0.416667
0 0.58125 0.415278 0.578906 0.419444 0.578906 0.420833 0.575781 0.426389 0.575781 0.440278 0.576562 0.441667 0.577344 0.441667 0.578125 0.443056 0.579688 0.443056 0.580469 0.441667 0.58125 0.441667 0.582812 0.438889 0.583594 0.438889 0.583594 0.4375 0.585938 0.433333 0.585938 0.429167 0.585156 0.427778 0.585156 0.420833 0.584375 0.419444 0.584375 0.418056 0.583594 0.416667 0.582812 0.416667 0.582031 0.415278
0 0.663281 0.370833 0.661719 0.373611 0.661719 0.379167 0.663281 0.381944 0.664844 0.381944 0.666406 0.379167 0.666406 0.373611 0.664844 0.370833
0 0.51875 0.322222 0.517188 0.325 0.515625 0.325 0.515625 0.329167 0.516406 0.330556 0.516406 0.334722 0.519531 0.334722 0.520312 0.333333 0.523438 0.333333 0.523438 0.331944 0.522656 0.330556 0.522656 0.326389 0.521094 0.323611 0.520312 0.323611 0.519531 0.322222
0 0.816406 0.247222 0.814844 0.25 0.814844 0.255556 0.816406 0.258333 0.817969 0.258333 0.819531 0.255556 0.820312 0.256944 0.820312 0.259722 0.821875 0.2625 0.823438 0.2625 0.825 0.259722 0.825 0.258333 0.825781 0.256944 0.825781 0.254167 0.824219 0.251389 0.822656 0.251389 0.820312 0.255556 0.819531 0.254167 0.819531 0.25 0.817969 0.247222
0 0.184375 0.097222 0.183594 0.098611 0.179688 0.098611 0.178906 0.1 0.178906 0.101389 0.179688 0.102778 0.179688 0.104167 0.18125 0.106944 0.18125 0.115278 0.182031 0.115278 0.182812 0.116667 0.183594 0.115278 0.184375 0.115278 0.185156 0.116667 0.186719 0.116667 0.1875 0.115278 0.188281 0.115278 0.189062 0.113889 0.189844 0.113889 0.190625 0.115278 0.192188 0.115278 0.192188 0.109722 0.191406 0.108333 0.191406 0.105556 0.190625 0.104167 0.188281 0.104167 0.1875 0.102778 0.189062 0.1 0.189062 0.097222
0 0.097656 0.0375 0.097656 0.045833 0.098438 0.047222 0.098438 0.054167 0.096875 0.056944 0.096875 0.058333 0.096094 0.059722 0.094531 0.059722 0.091406 0.054167 0.091406 0.051389 0.090625 0.05 0.090625 0.059722 0.089062 0.0625 0.086719 0.058333 0.086719 0.040278 0.085938 0.040278 0.085156 0.041667 0.084375 0.041667 0.082812 0.044444 0.082812 0.045833 0.082031 0.047222 0.082031 0.05 0.08125 0.051389 0.082031 0.052778 0.082031 0.054167 0.082812 0.055556 0.082812 0.056944 0.083594 0.058333 0.082812 0.059722 0.082812 0.065278 0.083594 0.065278 0.084375 0.066667 0.084375 0.070833 0.086719 0.075 0.088281 0.075 0.089062 0.073611 0.089844 0.075 0.090625 0.073611 0.091406 0.073611 0.092188 0.075 0.092188 0.080556 0.092969 0.080556 0.094531 0.083333 0.095312 0.083333 0.096875 0.086111 0.097656 0.086111 0.098438 0.0875 0.102344 0.0875 0.103906 0.084722 0.103906 0.083333 0.104688 0.081944 0.105469 0.081944 0.105469 0.080556 0.10625 0.079167 0.10625 0.077778 0.105469 0.076389 0.107812 0.072222 0.108594 0.072222 0.108594 0.0625 0.10625 0.058333 0.107031 0.056944 0.107031 0.054167 0.107812 0.052778 0.107812 0.051389 0.107031 0.05 0.10625 0.05 0.105469 0.051389 0.104688 0.051389 0.102344 0.047222 0.102344 0.045833 0.100781 0.043056 0.100781 0.038889 0.1 0.038889 0.099219 0.0375
