0 0.092188 0.876389 0.085938 0.8875 0.085156 0.8875 0.084375 0.888889 0.083594 0.888889 0.082812 0.890278 0.082031 0.890278 0.08125 0.891667 0.080469 0.891667 0.079688 0.893056 0.078125 0.893056 0.077344 0.894444 0.076562 0.894444 0.075781 0.895833 0.075781 0.9 0.075 0.901389 0.075 0.913889 0.074219 0.915278 0.074219 0.922222 0.089062 0.922222 0.089844 0.923611 0.091406 0.923611 0.092188 0.925 0.09375 0.925 0.094531 0.926389 0.096094 0.926389 0.096875 0.927778 0.098438 0.927778 0.099219 0.929167 0.1 0.927778 0.100781 0.927778 0.101562 0.926389 0.102344 0.926389 0.103125 0.925 0.103906 0.925 0.104688 0.923611 0.105469 0.923611 0.10625 0.922222 0.107031 0.922222 0.108594 0.919444 0.109375 0.919444 0.111719 0.915278 0.1125 0.915278 0.115625 0.909722 0.115625 0.905556 0.116406 0.904167 0.116406 0.901389 0.117188 0.9 0.117188 0.895833 0.117969 0.894444 0.117969 0.891667 0.11875 0.890278 0.115625 0.890278 0.114844 0.888889 0.110938 0.888889 0.110156 0.8875 0.10625 0.8875 0.105469 0.886111 0.104688 0.886111 0.103906 0.884722 0.103125 0.884722 0.102344 0.883333 0.101562 0.883333 0.100781 0.881944 0.1 0.881944 0.099219 0.880556 0.098438 0.880556 0.097656 0.879167 0.096875 0.879167 0.096094 0.877778 0.095312 0.877778 0.094531 0.876389
0 0.560156 0.761111 0.558594 0.763889 0.557812 0.763889 0.557031 0.765278 0.55625 0.765278 0.554688 0.768056 0.553906 0.768056 0.553125 0.769444 0.553125 0.770833 0.553906 0.772222 0.553906 0.773611 0.554688 0.775 0.554688 0.776389 0.555469 0.777778 0.555469 0.779167 0.55625 0.780556 0.55625 0.781944 0.557031 0.783333 0.557031 0.786111 0.558594 0.788889 0.559375 0.788889 0.560156 0.790278 0.560938 0.790278 0.561719 0.791667 0.5625 0.791667 0.563281 0.793056 0.564062 0.793056 0.564844 0.794444 0.566406 0.794444 0.566406 0.793056 0.567188 0.791667 0.567188 0.788889 0.567969 0.7875 0.567969 0.786111 0.56875 0.784722 0.56875 0.781944 0.569531 0.780556 0.569531 0.779167 0.56875 0.777778 0.56875 0.775 0.567969 0.773611 0.567969 0.770833 0.567188 0.769444 0.567188 0.768056 0.566406 0.766667 0.566406 0.763889 0.564062 0.763889 0.563281 0.7625 0.561719 0.7625 0.560938 0.761111
0 0.295312 0.745833 0.294531 0.747222 0.292188 0.747222 0.292188 0.748611 0.292969 0.75 0.292969 0.751389 0.29375 0.752778 0.29375 0.754167 0.294531 0.755556 0.294531 0.758333 0.299219 0.766667 0.3 0.766667 0.300781 0.768056 0.313281 0.768056 0.313281 0.766667 0.310938 0.7625 0.310938 0.761111 0.309375 0.758333 0.309375 0.75 0.308594 0.748611 0.308594 0.747222 0.304688 0.747222 0.303906 0.745833
0 0.19375 0.726389 0.192969 0.727778 0.192188 0.727778 0.191406 0.729167 0.189844 0.729167 0.189062 0.730556 0.188281 0.730556 0.1875 0.731944 0.185938 0.731944 0.185156 0.733333 0.184375 0.733333 0.182812 0.736111 0.182812 0.738889 0.182031 0.740278 0.182031 0.744444 0.182812 0.745833 0.183594 0.745833 0.184375 0.747222 0.185156 0.747222 0.185938 0.748611 0.186719 0.748611 0.1875 0.75 0.188281 0.75 0.189062 0.751389 0.189844 0.751389 0.191406 0.754167 0.192188 0.754167 0.194531 0.758333 0.194531 0.759722 0.196875 0.763889 0.202344 0.763889 0.203125 0.7625 0.204688 0.7625 0.205469 0.761111 0.20625 0.761111 0.207031 0.759722 0.207812 0.759722 0.209375 0.756944 0.209375 0.755556 0.211719 0.751389 0.211719 0.743056 0.208594 0.7375 0.208594 0.736111 0.207031 0.733333 0.20625 0.733333 0.203906 0.729167 0.202344 0.729167 0.201562 0.727778 0.197656 0.727778 0.196875 0.726389
0 0.210156 0.629167 0.209375 0.630556 0.208594 0.630556 0.207812 0.631944 0.20625 0.631944 0.205469 0.633333 0.204688 0.633333 0.204688 0.65 0.214844 0.65 0.214844 0.648611 0.215625 0.647222 0.215625 0.644444 0.216406 0.643056 0.216406 0.640278 0.217188 0.638889 0.217188 0.636111 0.214844 0.631944 0.214062 0.631944 0.2125 0.629167
0 0.596875 0.595833 0.596094 0.597222 0.595312 0.597222 0.594531 0.598611 0.592969 0.598611 0.592188 0.6 0.589844 0.6 0.589062 0.601389 0.5875 0.601389 0.586719 0.602778 0.585938 0.602778 0.585938 0.609722 0.5875 0.6125 0.588281 0.6125 0.590625 0.616667 0.591406 0.616667 0.592969 0.619444 0.594531 0.616667 0.595312 0.616667 0.596875 0.613889 0.597656 0.613889 0.598438 0.6125 0.599219 0.6125 0.6 0.611111 0.600781 0.611111 0.601562 0.609722 0.602344 0.609722 0.603125 0.608333 0.603125 0.606944 0.601562 0.604167 0.601562 0.602778 0.600781 0.601389 0.600781 0.6 0.6 0.598611 0.6 0.597222 0.599219 0.595833
0 0.560156 0.584722 0.557812 0.588889 0.557812 0.591667 0.558594 0.593056 0.558594 0.597222 0.559375 0.597222 0.560156 0.598611 0.560938 0.598611 0.561719 0.6 0.5625 0.598611 0.564844 0.598611 0.565625 0.597222 0.565625 0.595833 0.566406 0.594444 0.566406 0.593056 0.567188 0.591667 0.566406 0.590278 0.566406 0.588889 0.565625 0.5875 0.565625 0.586111 0.564062 0.586111 0.563281 0.584722
0 0.560938 0.568056 0.560938 0.569444 0.559375 0.572222 0.560156 0.573611 0.560156 0.576389 0.560938 0.577778 0.560938 0.579167 0.567969 0.579167 0.567969 0.573611 0.567188 0.573611 0.564844 0.569444 0.563281 0.569444 0.5625 0.568056
0 0.204688 0.533333 0.203906 0.534722 0.199219 0.534722 0.199219 0.541667 0.205469 0.541667 0.20625 0.543056 0.207031 0.543056 0.207812 0.541667 0.207812 0.538889 0.208594 0.5375 0.208594 0.536111 0.207812 0.536111 0.207031 0.534722 0.205469 0.534722
0 0.067188 0.461111 0.063281 0.468056 0.066406 0.473611 0.069531 0.473611 0.070312 0.472222 0.073438 0.472222 0.073438 0.466667 0.071875 0.463889 0.071094 0.463889 0.070312 0.4625 0.069531 0.4625 0.06875 0.461111
0 0.117969 0.401389 0.117188 0.402778 0.114844 0.402778 0.117188 0.406944 0.117969 0.406944 0.120312 0.411111 0.126562 0.411111 0.127344 0.409722 0.128906 0.409722 0.129688 0.408333 0.128906 0.406944 0.128906 0.404167 0.128125 0.402778 0.128125 0.401389
0 0.120312 0.376389 0.119531 0.377778 0.117969 0.377778 0.117969 0.380556 0.117188 0.381944 0.117188 0.384722 0.122656 0.384722 0.124219 0.381944 0.124219 0.380556 0.121875 0.376389
0 0.3875 0.3625 0.386719 0.363889 0.385938 0.363889 0.385156 0.365278 0.385938 0.366667 0.385938 0.368056 0.388281 0.372222 0.392969 0.372222 0.392969 0.369444 0.39375 0.368056 0.39375 0.366667 0.391406 0.3625
0 0.123438 0.358333 0.123438 0.365278 0.125 0.368056 0.125 0.369444 0.126562 0.369444 0.127344 0.370833 0.128906 0.370833 0.132031 0.365278 0.13125 0.365278 0.130469 0.363889 0.129688 0.363889 0.128125 0.361111 0.127344 0.361111 0.126562 0.359722 0.124219 0.359722
0 0.338281 0.351389 0.338281 0.355556 0.339062 0.355556 0.340625 0.358333 0.341406 0.358333 0.342969 0.361111 0.34375 0.361111 0.344531 0.3625 0.345312 0.3625 0.345312 0.359722 0.346094 0.358333 0.345312 0.356944 0.345312 0.355556 0.344531 0.354167 0.34375 0.354167 0.342969 0.352778 0.342188 0.352778 0.341406 0.351389
0 0.136719 0.319444 0.136719 0.331944 0.138281 0.331944 0.139062 0.333333 0.139844 0.333333 0.144531 0.325 0.144531 0.323611 0.142969 0.320833 0.140625 0.320833 0.139844 0.319444
