0 0.749219 0.901389 0.748438 0.902778 0.747656 0.902778 0.746875 0.904167 0.745312 0.904167 0.744531 0.905556 0.74375 0.905556 0.74375 0.919444 0.742969 0.920833 0.742969 0.9375 0.744531 0.940278 0.744531 0.941667 0.745312 0.943056 0.747656 0.943056 0.748438 0.941667 0.75 0.941667 0.750781 0.940278 0.751562 0.940278 0.752344 0.938889 0.752344 0.9375 0.753125 0.936111 0.753125 0.933333 0.753906 0.931944 0.753906 0.9125 0.754688 0.911111 0.754688 0.904167 0.753906 0.904167 0.753125 0.902778 0.750781 0.902778 0.75 0.901389
0 0.733594 0.891667 0.732031 0.894444 0.73125 0.894444 0.730469 0.895833 0.729688 0.895833 0.729688 0.901389 0.728906 0.902778 0.728906 0.909722 0.730469 0.9125 0.730469 0.913889 0.732812 0.918056 0.733594 0.918056 0.735938 0.913889 0.735938 0.9 0.735156 0.898611 0.735156 0.893056 0.734375 0.891667
0 0.073438 0.880556 0.072656 0.881944 0.071875 0.881944 0.071094 0.883333 0.070312 0.883333 0.069531 0.884722 0.06875 0.884722 0.06875 0.890278 0.067969 0.891667 0.067969 0.893056 0.06875 0.893056 0.071875 0.898611 0.073438 0.898611 0.074219 0.897222 0.076562 0.897222 0.077344 0.895833 0.077344 0.891667 0.078125 0.890278 0.077344 0.888889 0.077344 0.8875 0.076562 0.886111 0.076562 0.884722 0.075 0.881944 0.074219 0.881944
0 0.064062 0.7875 0.063281 0.788889 0.0625 0.788889 0.0625 0.793056 0.063281 0.791667 0.064062 0.791667 0.064844 0.790278 0.064844 0.788889 0.065625 0.7875
0 0.063281 0.769444 0.0625 0.770833 0.060938 0.770833 0.060938 0.775 0.060156 0.776389 0.060156 0.780556 0.063281 0.780556 0.064062 0.779167 0.064062 0.777778 0.064844 0.776389 0.064844 0.772222 0.064062 0.770833 0.064062 0.769444
0 0.010156 0.740278 0.009375 0.741667 0.008594 0.741667 0.008594 0.743056 0.009375 0.744444 0.009375 0.745833 0.010156 0.747222 0.0125 0.747222 0.013281 0.745833 0.013281 0.741667 0.0125 0.740278
0 0.054688 0.695833 0.054688 0.697222 0.053906 0.698611 0.053906 0.701389 0.053125 0.702778 0.053906 0.704167 0.053906 0.705556 0.054688 0.706944 0.054688 0.708333 0.055469 0.709722 0.058594 0.709722 0.060938 0.705556 0.060938 0.698611 0.060156 0.697222 0.059375 0.697222 0.058594 0.695833
0 0.378125 0.626389 0.377344 0.627778 0.376562 0.627778 0.375781 0.629167 0.375 0.629167 0.374219 0.630556 0.372656 0.630556 0.371094 0.633333 0.371094 0.636111 0.370312 0.6375 0.370312 0.638889 0.369531 0.640278 0.369531 0.643056 0.371094 0.645833 0.371094 0.647222 0.371875 0.648611 0.371875 0.65 0.373438 0.652778 0.373438 0.654167 0.378906 0.654167 0.378906 0.647222 0.379688 0.645833 0.379688 0.641667 0.380469 0.640278 0.380469 0.633333 0.379688 0.631944 0.379688 0.627778 0.378906 0.626389
0 0.389062 0.520833 0.388281 0.522222 0.379688 0.522222 0.378906 0.523611 0.378906 0.529167 0.378125 0.530556 0.378125 0.536111 0.377344 0.5375 0.377344 0.540278 0.376562 0.541667 0.376562 0.543056 0.375781 0.544444 0.375781 0.545833 0.375 0.547222 0.375 0.551389 0.375781 0.552778 0.375781 0.558333 0.376562 0.559722 0.376562 0.563889 0.377344 0.565278 0.377344 0.566667 0.374219 0.572222 0.373438 0.572222 0.371875 0.575 0.373438 0.577778 0.374219 0.577778 0.377344 0.583333 0.377344 0.586111 0.378125 0.5875 0.378125 0.591667 0.378906 0.593056 0.379688 0.593056 0.38125 0.595833 0.382031 0.595833 0.382812 0.597222 0.383594 0.595833 0.384375 0.595833 0.385156 0.594444 0.386719 0.594444 0.3875 0.593056 0.388281 0.593056 0.389062 0.591667 0.389062 0.580556 0.389844 0.579167 0.389844 0.576389 0.390625 0.575 0.390625 0.572222 0.389844 0.570833 0.389844 0.566667 0.389062 0.565278 0.389062 0.561111 0.388281 0.559722 0.388281 0.556944 0.389062 0.555556 0.389062 0.55 0.389844 0.548611 0.389844 0.526389 0.389062 0.525
0 0.757031 0.511111 0.757031 0.5125 0.75625 0.513889 0.75625 0.518056 0.755469 0.519444 0.754688 0.519444 0.753125 0.522222 0.752344 0.522222 0.750781 0.519444 0.750781 0.518056 0.75 0.519444 0.748438 0.519444 0.745312 0.525 0.744531 0.523611 0.74375 0.523611 0.742969 0.522222 0.742188 0.522222 0.741406 0.520833 0.733594 0.520833 0.732812 0.519444 0.733594 0.518056 0.733594 0.516667 0.734375 0.515278 0.733594 0.516667 0.732812 0.516667 0.732031 0.518056 0.732031 0.520833 0.732812 0.522222 0.732812 0.526389 0.733594 0.527778 0.733594 0.538889 0.732812 0.540278 0.732812 0.544444 0.732031 0.545833 0.732031 0.5625 0.733594 0.565278 0.733594 0.566667 0.735938 0.570833 0.735938 0.572222 0.7375 0.575 0.7375 0.576389 0.739062 0.579167 0.739062 0.580556 0.740625 0.583333 0.740625 0.584722 0.742188 0.5875 0.746875 0.5875 0.75 0.581944 0.75 0.580556 0.750781 0.579167 0.750781 0.575 0.751562 0.573611 0.751562 0.561111 0.752344 0.559722 0.752344 0.555556 0.754688 0.551389 0.754688 0.55 0.757031 0.545833 0.757031 0.544444 0.759375 0.540278 0.759375 0.538889 0.760938 0.536111 0.760938 0.534722 0.761719 0.533333 0.761719 0.531944 0.765625 0.525 0.765625 0.523611 0.766406 0.522222 0.766406 0.515278 0.765625 0.515278 0.764844 0.513889 0.764062 0.513889 0.763281 0.5125 0.760156 0.5125 0.759375 0.511111
0 0.219531 0.493056 0.219531 0.494444 0.21875 0.495833 0.21875 0.498611 0.219531 0.5 0.219531 0.501389 0.220312 0.502778 0.220312 0.505556 0.221094 0.506944 0.221094 0.508333 0.221875 0.509722 0.221875 0.5125 0.222656 0.511111 0.224219 0.511111 0.225 0.509722 0.225781 0.509722 0.226562 0.508333 0.227344 0.508333 0.227344 0.502778 0.226562 0.501389 0.226562 0.498611 0.225781 0.497222 0.224219 0.497222 0.223438 0.495833 0.222656 0.495833 0.221875 0.494444 0.221094 0.494444 0.220312 0.493056
0 0.391406 0.454167 0.391406 0.455556 0.390625 0.456944 0.389844 0.456944 0.388281 0.459722 0.3875 0.459722 0.385938 0.4625 0.385938 0.481944 0.386719 0.481944 0.3875 0.483333 0.389844 0.483333 0.390625 0.481944 0.391406 0.481944 0.392188 0.480556 0.392969 0.480556 0.392969 0.479167 0.39375 0.477778 0.39375 0.476389 0.394531 0.475 0.394531 0.473611 0.395312 0.472222 0.395312 0.459722 0.392188 0.454167
0 0.4 0.447222 0.4 0.448611 0.398438 0.451389 0.398438 0.452778 0.397656 0.454167 0.397656 0.459722 0.399219 0.4625 0.4 0.4625 0.400781 0.461111 0.402344 0.461111 0.403125 0.4625 0.402344 0.463889 0.401562 0.463889 0.4 0.466667 0.399219 0.466667 0.399219 0.469444 0.398438 0.470833 0.398438 0.476389 0.4 0.479167 0.4 0.480556 0.400781 0.481944 0.401562 0.480556 0.401562 0.477778 0.402344 0.476389 0.402344 0.475 0.40625 0.468056 0.40625 0.466667 0.405469 0.465278 0.405469 0.463889 0.404688 0.4625 0.403125 0.4625 0.402344 0.461111 0.403906 0.458333 0.403906 0.455556 0.404688 0.454167 0.404688 0.452778 0.402344 0.448611 0.401562 0.448611 0.400781 0.447222
0 0.173438 0.429167 0.172656 0.430556 0.171094 0.430556 0.170312 0.431944 0.169531 0.431944 0.169531 0.434722 0.16875 0.436111 0.16875 0.440278 0.171094 0.440278 0.171875 0.441667 0.172656 0.441667 0.173438 0.440278 0.175781 0.440278 0.176562 0.438889 0.176562 0.436111 0.177344 0.434722 0.177344 0.433333 0.175 0.429167
0 0.808594 0.356944 0.807812 0.358333 0.807812 0.359722 0.807031 0.361111 0.807031 0.363889 0.809375 0.368056 0.813281 0.368056 0.814844 0.365278 0.814844 0.363889 0.815625 0.3625 0.815625 0.361111 0.814844 0.359722 0.814844 0.358333 0.814062 0.358333 0.813281 0.356944
0 0.8 0.356944 0.799219 0.358333 0.796094 0.358333 0.795312 0.359722 0.794531 0.359722 0.792969 0.3625 0.792969 0.363889 0.79375 0.365278 0.79375 0.366667 0.794531 0.368056 0.795312 0.368056 0.796094 0.369444 0.797656 0.369444 0.799219 0.366667 0.799219 0.365278 0.800781 0.3625 0.800781 0.358333
0 0.263281 0.2875 0.2625 0.288889 0.261719 0.288889 0.260938 0.290278 0.259375 0.290278 0.259375 0.294444 0.260156 0.295833 0.260156 0.297222 0.260938 0.298611 0.2625 0.298611 0.263281 0.297222 0.265625 0.297222 0.266406 0.295833 0.267188 0.295833 0.267969 0.294444 0.26875 0.294444 0.26875 0.290278 0.267969 0.290278 0.266406 0.2875
