0 0.201562 0.952778 0.200781 0.954167 0.2 0.954167 0.199219 0.955556 0.198438 0.955556 0.197656 0.956944 0.196875 0.956944 0.196094 0.958333 0.194531 0.958333 0.19375 0.959722 0.192969 0.959722 0.191406 0.9625 0.191406 0.963889 0.189844 0.966667 0.189844 0.968056 0.190625 0.968056 0.191406 0.969444 0.192969 0.969444 0.19375 0.970833 0.195312 0.970833 0.196094 0.972222 0.198438 0.972222 0.199219 0.973611 0.200781 0.973611 0.201562 0.975 0.201562 0.973611 0.202344 0.972222 0.202344 0.970833 0.203906 0.968056 0.203906 0.966667 0.204688 0.965278 0.204688 0.963889 0.205469 0.9625 0.205469 0.959722 0.204688 0.958333 0.204688 0.956944 0.202344 0.952778
0 0.173438 0.675 0.172656 0.676389 0.172656 0.677778 0.171094 0.680556 0.171094 0.681944 0.170312 0.683333 0.170312 0.684722 0.169531 0.686111 0.169531 0.6875 0.16875 0.688889 0.16875 0.691667 0.169531 0.691667 0.170312 0.693056 0.171094 0.693056 0.172656 0.695833 0.173438 0.695833 0.175 0.698611 0.175781 0.698611 0.177344 0.701389 0.178125 0.701389 0.178906 0.702778 0.179688 0.702778 0.180469 0.704167 0.182031 0.701389 0.182812 0.701389 0.186719 0.694444 0.186719 0.693056 0.185938 0.691667 0.185938 0.690278 0.184375 0.6875 0.184375 0.686111 0.183594 0.684722 0.183594 0.683333 0.182031 0.680556 0.182031 0.679167 0.180469 0.676389 0.180469 0.675
0 0.41875 0.665278 0.41875 0.676389 0.420312 0.679167 0.420312 0.680556 0.421094 0.681944 0.421094 0.683333 0.421875 0.684722 0.422656 0.684722 0.423438 0.683333 0.425 0.683333 0.425781 0.681944 0.426562 0.681944 0.426562 0.670833 0.424219 0.666667 0.423438 0.666667 0.422656 0.665278
0 0.65 0.515278 0.649219 0.516667 0.649219 0.518056 0.648438 0.519444 0.648438 0.522222 0.647656 0.523611 0.647656 0.525 0.646875 0.526389 0.646875 0.529167 0.646094 0.530556 0.646094 0.531944 0.646875 0.533333 0.647656 0.533333 0.649219 0.536111 0.65 0.536111 0.650781 0.5375 0.651562 0.5375 0.652344 0.538889 0.653906 0.538889 0.654688 0.5375 0.659375 0.5375 0.660156 0.536111 0.664062 0.536111 0.664062 0.525 0.6625 0.522222 0.6625 0.520833 0.661719 0.519444 0.661719 0.518056 0.660156 0.515278
0 0.417188 0.468056 0.417188 0.481944 0.417969 0.483333 0.417969 0.484722 0.41875 0.486111 0.41875 0.488889 0.419531 0.490278 0.419531 0.491667 0.421875 0.491667 0.422656 0.490278 0.425781 0.490278 0.426562 0.488889 0.426562 0.476389 0.425781 0.476389 0.422656 0.470833 0.421875 0.470833 0.421094 0.469444 0.41875 0.469444 0.417969 0.468056
0 0.690625 0.409722 0.689844 0.411111 0.689844 0.413889 0.690625 0.415278 0.691406 0.415278 0.692969 0.418056 0.69375 0.418056 0.694531 0.416667 0.696094 0.416667 0.696875 0.415278 0.696094 0.413889 0.696094 0.4125 0.694531 0.409722
0 0.644531 0.368056 0.642969 0.370833 0.642188 0.370833 0.641406 0.372222 0.640625 0.372222 0.639844 0.373611 0.640625 0.375 0.640625 0.377778 0.641406 0.379167 0.641406 0.383333 0.642188 0.384722 0.642188 0.388889 0.642969 0.390278 0.642969 0.394444 0.64375 0.395833 0.660938 0.395833 0.6625 0.393056 0.663281 0.393056 0.664844 0.390278 0.665625 0.390278 0.667188 0.3875 0.667969 0.3875 0.66875 0.386111 0.669531 0.386111 0.670312 0.384722 0.670312 0.381944 0.669531 0.380556 0.669531 0.370833 0.66875 0.369444 0.661719 0.369444 0.660938 0.368056
0 0.644531 0.334722 0.64375 0.336111 0.64375 0.3375 0.642188 0.340278 0.642188 0.341667 0.640625 0.344444 0.640625 0.345833 0.639844 0.347222 0.639844 0.352778 0.640625 0.354167 0.640625 0.358333 0.641406 0.359722 0.64375 0.359722 0.644531 0.361111 0.648438 0.361111 0.649219 0.3625 0.652344 0.3625 0.653125 0.363889 0.658594 0.363889 0.659375 0.365278 0.660938 0.365278 0.661719 0.363889 0.663281 0.363889 0.664062 0.3625 0.666406 0.3625 0.667188 0.361111 0.66875 0.361111 0.669531 0.359722 0.670312 0.359722 0.671875 0.356944 0.671875 0.355556 0.673438 0.352778 0.673438 0.351389 0.675 0.348611 0.675 0.347222 0.675781 0.345833 0.674219 0.345833 0.673438 0.344444 0.670312 0.344444 0.669531 0.343056 0.666406 0.343056 0.665625 0.344444 0.663281 0.344444 0.6625 0.345833 0.660156 0.345833 0.659375 0.347222 0.657031 0.347222 0.65625 0.348611 0.653906 0.344444 0.653125 0.344444 0.651562 0.341667 0.650781 0.341667 0.649219 0.338889 0.648438 0.338889 0.646094 0.334722
0 0.648438 0.318056 0.648438 0.322222 0.647656 0.323611 0.648438 0.325 0.648438 0.326389 0.649219 0.327778 0.649219 0.329167 0.65 0.330556 0.65 0.331944 0.650781 0.333333 0.650781 0.334722 0.651562 0.336111 0.651562 0.3375 0.653125 0.3375 0.653906 0.338889 0.65625 0.338889 0.657031 0.340278 0.659375 0.340278 0.660156 0.338889 0.666406 0.338889 0.667188 0.3375 0.667969 0.3375 0.66875 0.336111 0.669531 0.336111 0.670312 0.334722 0.671875 0.334722 0.671875 0.331944 0.672656 0.330556 0.672656 0.327778 0.673438 0.326389 0.673438 0.320833 0.672656 0.319444 0.667969 0.319444 0.667188 0.320833 0.663281 0.320833 0.6625 0.322222 0.661719 0.322222 0.660938 0.320833 0.655469 0.320833 0.654688 0.319444 0.65 0.319444 0.649219 0.318056
0 0.4 0.266667 0.399219 0.268056 0.398438 0.268056 0.397656 0.269444 0.397656 0.277778 0.4 0.277778 0.400781 0.279167 0.402344 0.279167 0.403125 0.280556 0.404688 0.280556 0.404688 0.270833 0.403906 0.269444 0.403125 0.269444 0.401562 0.266667
0 0.007031 0.236111 0.00625 0.2375 0.004688 0.2375 0.003906 0.238889 0.003125 0.238889 0.003125 0.240278 0.002344 0.241667 0.002344 0.243056 0.001562 0.244444 0.001562 0.247222 0.000781 0.248611 0.000781 0.25 0.001562 0.251389 0.001562 0.256944 0.002344 0.258333 0.002344 0.2625 0.003125 0.263889 0.003125 0.268056 0.003906 0.268056 0.00625 0.263889 0.00625 0.2625 0.008594 0.258333 0.008594 0.255556 0.009375 0.254167 0.009375 0.25 0.010156 0.248611 0.010156 0.241667 0.009375 0.240278 0.009375 0.2375 0.008594 0.236111
0 0.29375 0.223611 0.29375 0.225 0.292969 0.226389 0.292969 0.227778 0.292188 0.229167 0.292188 0.230556 0.290625 0.233333 0.291406 0.234722 0.291406 0.238889 0.292188 0.240278 0.292188 0.244444 0.292969 0.245833 0.29375 0.244444 0.294531 0.244444 0.295312 0.243056 0.296094 0.243056 0.296875 0.241667 0.298438 0.241667 0.3 0.238889 0.3 0.2375 0.301562 0.234722 0.301562 0.233333 0.302344 0.231944 0.302344 0.230556 0.301562 0.230556 0.3 0.227778 0.299219 0.227778 0.298438 0.226389 0.297656 0.226389 0.296875 0.225 0.296094 0.225 0.295312 0.223611
0 0.526562 0.166667 0.525781 0.168056 0.525 0.168056 0.524219 0.169444 0.523438 0.169444 0.521875 0.172222 0.521875 0.173611 0.521094 0.175 0.521094 0.176389 0.519531 0.179167 0.520312 0.180556 0.521875 0.180556 0.522656 0.181944 0.524219 0.181944 0.525 0.183333 0.525781 0.181944 0.526562 0.181944 0.528125 0.179167 0.528125 0.172222 0.527344 0.170833 0.527344 0.166667
0 0.676562 0.063889 0.676562 0.069444 0.675781 0.070833 0.675781 0.072222 0.677344 0.072222 0.678125 0.073611 0.679688 0.073611 0.680469 0.075 0.68125 0.075 0.682031 0.076389 0.682031 0.075 0.682812 0.073611 0.682812 0.066667 0.682031 0.066667 0.680469 0.063889
