0 0.179688 0.877778 0.179688 0.880556 0.178906 0.881944 0.178906 0.883333 0.178125 0.884722 0.178125 0.891667 0.177344 0.893056 0.177344 0.902778 0.176562 0.904167 0.176562 0.908333 0.175781 0.909722 0.175781 0.913889 0.175 0.915278 0.175781 0.916667 0.175781 0.918056 0.176562 0.919444 0.176562 0.920833 0.177344 0.922222 0.177344 0.923611 0.178906 0.926389 0.178906 0.927778 0.186719 0.927778 0.186719 0.926389 0.188281 0.923611 0.188281 0.922222 0.189844 0.919444 0.189062 0.918056 0.189062 0.911111 0.188281 0.909722 0.188281 0.906944 0.1875 0.905556 0.1875 0.904167 0.186719 0.902778 0.186719 0.901389 0.185156 0.898611 0.185156 0.897222 0.184375 0.895833 0.184375 0.894444 0.183594 0.893056 0.183594 0.890278 0.182812 0.888889 0.182812 0.8875 0.182031 0.886111 0.182031 0.884722 0.180469 0.881944 0.180469 0.880556 0.179688 0.879167
0 0.197656 0.872222 0.196875 0.873611 0.196094 0.873611 0.195312 0.875 0.195312 0.876389 0.192188 0.881944 0.192188 0.897222 0.192969 0.898611 0.192969 0.902778 0.19375 0.904167 0.19375 0.908333 0.194531 0.909722 0.194531 0.911111 0.195312 0.909722 0.196875 0.909722 0.197656 0.908333 0.198438 0.908333 0.202344 0.901389 0.202344 0.898611 0.203125 0.897222 0.203125 0.891667 0.202344 0.890278 0.202344 0.888889 0.201562 0.8875 0.201562 0.884722 0.200781 0.883333 0.200781 0.880556 0.2 0.879167 0.2 0.876389 0.199219 0.875 0.199219 0.872222
0 0.186719 0.851389 0.186719 0.856944 0.185938 0.858333 0.185156 0.858333 0.183594 0.855556 0.182812 0.855556 0.18125 0.852778 0.18125 0.854167 0.182031 0.855556 0.182031 0.858333 0.182812 0.859722 0.182812 0.861111 0.183594 0.8625 0.183594 0.865278 0.184375 0.866667 0.184375 0.868056 0.185156 0.869444 0.185156 0.872222 0.186719 0.875 0.186719 0.876389 0.188281 0.879167 0.189062 0.879167 0.189062 0.877778 0.191406 0.873611 0.191406 0.872222 0.19375 0.868056 0.19375 0.866667 0.192969 0.865278 0.192969 0.8625 0.192188 0.861111 0.192188 0.859722 0.191406 0.858333 0.191406 0.856944 0.190625 0.855556 0.190625 0.852778 0.189844 0.852778 0.189062 0.851389
0 0.96875 0.833333 0.967969 0.834722 0.966406 0.834722 0.965625 0.836111 0.964844 0.836111 0.964062 0.8375 0.963281 0.8375 0.960156 0.843056 0.960156 0.844444 0.959375 0.845833 0.959375 0.848611 0.960156 0.85 0.960156 0.852778 0.960938 0.854167 0.960938 0.855556 0.961719 0.856944 0.9625 0.855556 0.964062 0.855556 0.964844 0.854167 0.965625 0.854167 0.966406 0.852778 0.967188 0.852778 0.96875 0.85 0.969531 0.85 0.971875 0.845833 0.971875 0.844444 0.973438 0.841667 0.973438 0.838889 0.972656 0.8375 0.972656 0.836111 0.971875 0.834722 0.971875 0.833333
0 0.392969 0.769444 0.392188 0.770833 0.392188 0.773611 0.396875 0.781944 0.397656 0.780556 0.397656 0.772222 0.398438 0.770833 0.398438 0.769444
0 0.992969 0.741667 0.992188 0.743056 0.992188 0.747222 0.992969 0.748611 0.992969 0.751389 0.99375 0.752778 0.99375 0.754167 0.994531 0.752778 0.995312 0.752778 0.995312 0.744444 0.99375 0.741667
0 0.176562 0.738889 0.175781 0.740278 0.174219 0.740278 0.173438 0.741667 0.172656 0.741667 0.171875 0.743056 0.170312 0.743056 0.16875 0.745833 0.167969 0.745833 0.166406 0.748611 0.165625 0.748611 0.165625 0.75 0.166406 0.751389 0.166406 0.756944 0.167188 0.758333 0.167188 0.759722 0.167969 0.759722 0.16875 0.761111 0.170312 0.761111 0.171094 0.7625 0.171875 0.7625 0.172656 0.763889 0.174219 0.763889 0.175 0.765278 0.177344 0.765278 0.178125 0.766667 0.180469 0.766667 0.18125 0.768056 0.182031 0.768056 0.184375 0.763889 0.184375 0.7625 0.185938 0.759722 0.185938 0.754167 0.186719 0.752778 0.186719 0.747222 0.185938 0.745833 0.185156 0.745833 0.183594 0.743056 0.182812 0.743056 0.18125 0.740278 0.180469 0.740278 0.179688 0.738889
0 0.515625 0.713889 0.514062 0.716667 0.513281 0.716667 0.513281 0.723611 0.514062 0.725 0.514062 0.726389 0.514844 0.727778 0.515625 0.727778 0.516406 0.729167 0.517188 0.729167 0.517969 0.730556 0.51875 0.730556 0.519531 0.731944 0.520312 0.731944 0.521094 0.733333 0.522656 0.733333 0.522656 0.725 0.523438 0.723611 0.522656 0.722222 0.522656 0.719444 0.521875 0.718056 0.521875 0.716667 0.521094 0.715278 0.520312 0.715278 0.519531 0.713889
0 0.454688 0.620833 0.453906 0.622222 0.453125 0.622222 0.452344 0.623611 0.451562 0.623611 0.45 0.626389 0.449219 0.626389 0.448438 0.627778 0.448438 0.631944 0.447656 0.633333 0.447656 0.636111 0.448438 0.6375 0.449219 0.6375 0.45 0.638889 0.452344 0.638889 0.453125 0.640278 0.455469 0.640278 0.455469 0.638889 0.45625 0.6375 0.45625 0.626389 0.455469 0.625 0.455469 0.622222
0 0.664844 0.608333 0.663281 0.611111 0.663281 0.6125 0.660938 0.616667 0.660938 0.618056 0.660156 0.619444 0.660156 0.623611 0.659375 0.625 0.659375 0.629167 0.660156 0.630556 0.669531 0.630556 0.670312 0.629167 0.671094 0.629167 0.671875 0.627778 0.673438 0.627778 0.673438 0.626389 0.674219 0.625 0.674219 0.622222 0.675 0.620833 0.675 0.615278 0.674219 0.613889 0.674219 0.6125 0.672656 0.6125 0.671875 0.611111 0.671094 0.611111 0.670312 0.609722 0.66875 0.609722 0.667969 0.608333
0 0.639844 0.604167 0.639844 0.605556 0.639062 0.606944 0.639062 0.611111 0.638281 0.6125 0.638281 0.616667 0.639062 0.618056 0.639062 0.623611 0.639844 0.623611 0.640625 0.622222 0.641406 0.622222 0.642969 0.619444 0.642969 0.615278 0.64375 0.613889 0.642188 0.611111 0.642188 0.609722 0.640625 0.606944 0.640625 0.605556
0 0.6625 0.580556 0.660156 0.584722 0.659375 0.584722 0.658594 0.586111 0.658594 0.598611 0.659375 0.6 0.659375 0.601389 0.660156 0.602778 0.664062 0.602778 0.665625 0.6 0.665625 0.598611 0.666406 0.597222 0.666406 0.586111 0.664844 0.583333 0.664062 0.583333
0 0.374219 0.563889 0.373438 0.565278 0.373438 0.569444 0.372656 0.570833 0.372656 0.572222 0.374219 0.575 0.375 0.575 0.376562 0.577778 0.377344 0.577778 0.378125 0.576389 0.378125 0.575 0.378906 0.573611 0.378906 0.568056 0.377344 0.565278 0.376562 0.565278 0.375781 0.563889
0 0.60625 0.4 0.605469 0.401389 0.604688 0.401389 0.603125 0.404167 0.602344 0.404167 0.601562 0.405556 0.600781 0.405556 0.600781 0.409722 0.601562 0.411111 0.601562 0.4125 0.602344 0.413889 0.602344 0.415278 0.603125 0.416667 0.603906 0.416667 0.604688 0.415278 0.607031 0.415278 0.610156 0.409722 0.610156 0.402778 0.609375 0.402778 0.608594 0.401389 0.607812 0.401389 0.607031 0.4
0 0.939844 0.259722 0.939062 0.261111 0.938281 0.261111 0.935938 0.265278 0.935156 0.265278 0.934375 0.266667 0.934375 0.268056 0.935156 0.269444 0.935156 0.277778 0.935938 0.276389 0.9375 0.276389 0.938281 0.275 0.939062 0.275 0.939844 0.273611 0.939844 0.272222 0.940625 0.270833 0.940625 0.269444 0.941406 0.268056 0.941406 0.266667 0.942188 0.265278 0.942188 0.2625 0.941406 0.261111 0.941406 0.259722
0 0.692188 0.129167 0.691406 0.130556 0.691406 0.131944 0.689062 0.136111 0.689062 0.1375 0.685938 0.143056 0.685938 0.144444 0.683594 0.148611 0.683594 0.154167 0.684375 0.155556 0.684375 0.158333 0.692969 0.158333 0.69375 0.156944 0.695312 0.156944 0.696094 0.155556 0.696094 0.154167 0.696875 0.152778 0.696875 0.151389 0.698438 0.148611 0.698438 0.147222 0.697656 0.145833 0.697656 0.144444 0.696875 0.143056 0.696875 0.141667 0.696094 0.140278 0.696094 0.138889 0.695312 0.1375 0.695312 0.134722 0.694531 0.133333 0.694531 0.130556 0.69375 0.130556 0.692969 0.129167
0 0.710938 0.104167 0.710938 0.109722 0.7125 0.109722 0.713281 0.111111 0.714062 0.111111 0.715625 0.108333 0.716406 0.108333 0.716406 0.106944 0.715625 0.105556 0.713281 0.105556 0.7125 0.104167
