0 0.157812 0.920833 0.157812 0.922222 0.157031 0.923611 0.157031 0.925 0.155469 0.927778 0.155469 0.929167 0.154688 0.930556 0.154688 0.931944 0.153906 0.933333 0.153906 0.934722 0.155469 0.9375 0.15625 0.9375 0.157812 0.940278 0.158594 0.940278 0.160156 0.943056 0.160938 0.943056 0.1625 0.945833 0.164844 0.945833 0.165625 0.947222 0.169531 0.947222 0.174219 0.938889 0.173438 0.9375 0.173438 0.934722 0.167969 0.925 0.165625 0.925 0.164844 0.923611 0.1625 0.923611 0.161719 0.922222 0.158594 0.922222
0 0.210156 0.8 0.209375 0.801389 0.208594 0.801389 0.20625 0.805556 0.205469 0.805556 0.204688 0.806944 0.205469 0.808333 0.205469 0.809722 0.20625 0.811111 0.20625 0.8125 0.207031 0.813889 0.207031 0.815278 0.207812 0.816667 0.207812 0.818056 0.211719 0.818056 0.214062 0.813889 0.214844 0.813889 0.214844 0.8125 0.215625 0.811111 0.215625 0.808333 0.216406 0.806944 0.216406 0.805556 0.213281 0.8
0 0.15625 0.788889 0.155469 0.790278 0.154688 0.790278 0.153906 0.791667 0.153125 0.791667 0.151562 0.794444 0.150781 0.794444 0.15 0.795833 0.149219 0.795833 0.149219 0.797222 0.15 0.798611 0.15 0.8 0.150781 0.801389 0.150781 0.802778 0.152344 0.805556 0.152344 0.806944 0.153906 0.809722 0.153906 0.811111 0.154688 0.8125 0.155469 0.811111 0.157031 0.811111 0.157812 0.809722 0.160156 0.809722 0.160938 0.808333 0.1625 0.808333 0.163281 0.806944 0.165625 0.806944 0.165625 0.8 0.164844 0.798611 0.164844 0.794444 0.163281 0.794444 0.1625 0.793056 0.160938 0.793056 0.160156 0.791667 0.159375 0.791667 0.158594 0.790278 0.157031 0.790278
0 0.178125 0.780556 0.177344 0.781944 0.175 0.781944 0.174219 0.783333 0.171875 0.783333 0.171094 0.784722 0.170312 0.784722 0.170312 0.7875 0.171094 0.788889 0.171094 0.791667 0.171875 0.793056 0.171875 0.795833 0.172656 0.797222 0.172656 0.8 0.173438 0.801389 0.174219 0.801389 0.175781 0.804167 0.176562 0.804167 0.178125 0.806944 0.178906 0.806944 0.179688 0.808333 0.182812 0.802778 0.183594 0.802778 0.186719 0.797222 0.186719 0.783333 0.185938 0.781944 0.183594 0.781944 0.182812 0.780556
0 0.163281 0.769444 0.1625 0.770833 0.161719 0.770833 0.158594 0.776389 0.158594 0.779167 0.157812 0.780556 0.157812 0.781944 0.160938 0.781944 0.161719 0.783333 0.166406 0.783333 0.166406 0.769444
0 0.127344 0.747222 0.126562 0.748611 0.126562 0.755556 0.127344 0.755556 0.128125 0.756944 0.128906 0.756944 0.129688 0.758333 0.130469 0.758333 0.13125 0.756944 0.13125 0.748611 0.129688 0.748611 0.128906 0.747222
0 0.114062 0.620833 0.113281 0.622222 0.113281 0.627778 0.114062 0.629167 0.114062 0.630556 0.114844 0.631944 0.114844 0.633333 0.115625 0.634722 0.116406 0.634722 0.121094 0.626389 0.121094 0.623611 0.120312 0.622222 0.11875 0.622222 0.117969 0.620833
0 0.5875 0.570833 0.5875 0.573611 0.586719 0.575 0.586719 0.576389 0.585938 0.577778 0.585938 0.580556 0.585156 0.581944 0.585156 0.586111 0.584375 0.5875 0.584375 0.593056 0.583594 0.594444 0.5875 0.601389 0.5875 0.602778 0.588281 0.604167 0.589062 0.604167 0.590625 0.601389 0.591406 0.601389 0.592188 0.6 0.592969 0.6 0.594531 0.597222 0.595312 0.597222 0.596875 0.594444 0.597656 0.594444 0.599219 0.591667 0.599219 0.590278 0.600781 0.5875 0.600781 0.586111 0.6 0.584722 0.6 0.583333 0.598438 0.580556 0.598438 0.579167 0.597656 0.577778 0.597656 0.576389 0.596094 0.573611 0.596094 0.572222 0.594531 0.572222 0.59375 0.570833
0 0.682812 0.473611 0.682031 0.475 0.676562 0.475 0.676562 0.476389 0.675781 0.477778 0.677344 0.480556 0.678125 0.480556 0.679688 0.483333 0.680469 0.483333 0.683594 0.488889 0.684375 0.488889 0.685156 0.4875 0.686719 0.4875 0.686719 0.479167 0.683594 0.473611
0 0.713281 0.451389 0.7125 0.452778 0.710938 0.452778 0.710156 0.454167 0.710156 0.459722 0.710938 0.461111 0.710938 0.4625 0.713281 0.466667 0.714062 0.466667 0.714844 0.465278 0.717188 0.465278 0.717969 0.463889 0.717969 0.4625 0.71875 0.461111 0.71875 0.459722 0.717969 0.458333 0.717969 0.456944 0.716406 0.454167 0.715625 0.454167 0.714844 0.452778 0.714062 0.452778
0 0.164844 0.411111 0.1625 0.415278 0.161719 0.415278 0.161719 0.416667 0.1625 0.418056 0.1625 0.419444 0.164062 0.422222 0.164062 0.423611 0.167188 0.429167 0.170312 0.429167 0.171094 0.427778 0.173438 0.427778 0.174219 0.426389 0.174219 0.418056 0.173438 0.418056 0.172656 0.416667 0.171875 0.416667 0.171094 0.415278 0.170312 0.415278 0.169531 0.413889 0.16875 0.413889 0.167969 0.4125 0.167188 0.4125 0.166406 0.411111
0 0.733594 0.338889 0.733594 0.343056 0.734375 0.344444 0.735938 0.344444 0.736719 0.345833 0.739844 0.345833 0.739844 0.340278 0.739062 0.338889
0 0.607031 0.1 0.60625 0.101389 0.605469 0.101389 0.604688 0.102778 0.604688 0.104167 0.603125 0.106944 0.603906 0.106944 0.604688 0.108333 0.607812 0.108333 0.608594 0.109722 0.608594 0.111111 0.610156 0.113889 0.6125 0.113889 0.613281 0.115278 0.613281 0.1125 0.614062 0.111111 0.613281 0.109722 0.613281 0.105556 0.610938 0.101389 0.610156 0.101389 0.609375 0.1
