0 0.667969 0.940278 0.667188 0.941667 0.666406 0.941667 0.664844 0.944444 0.664062 0.944444 0.664062 0.945833 0.663281 0.947222 0.663281 0.948611 0.6625 0.95 0.6625 0.951389 0.661719 0.952778 0.661719 0.955556 0.6625 0.956944 0.6625 0.959722 0.664062 0.9625 0.664844 0.9625 0.665625 0.963889 0.667188 0.963889 0.667969 0.965278 0.669531 0.965278 0.670312 0.966667 0.673438 0.966667 0.674219 0.968056 0.675 0.966667 0.675 0.963889 0.675781 0.9625 0.675781 0.961111 0.675 0.959722 0.675 0.954167 0.674219 0.952778 0.674219 0.945833 0.673438 0.944444 0.672656 0.944444 0.671875 0.943056 0.671094 0.943056 0.670312 0.941667 0.669531 0.941667 0.66875 0.940278
0 0.015625 0.888889 0.014844 0.890278 0.0125 0.890278 0.011719 0.891667 0.009375 0.891667 0.009375 0.893056 0.005469 0.9 0.007812 0.904167 0.008594 0.904167 0.0125 0.911111 0.013281 0.909722 0.014062 0.909722 0.014844 0.908333 0.015625 0.908333 0.016406 0.906944 0.017188 0.906944 0.017969 0.905556 0.01875 0.905556 0.019531 0.904167 0.020312 0.904167 0.020312 0.890278 0.01875 0.890278 0.017969 0.888889
0 0.140625 0.563889 0.139062 0.566667 0.139062 0.569444 0.139844 0.570833 0.139844 0.575 0.142188 0.579167 0.142969 0.579167 0.144531 0.581944 0.144531 0.572222 0.142969 0.569444 0.142969 0.568056 0.141406 0.565278 0.141406 0.563889
0 0.405469 0.556944 0.404688 0.558333 0.400781 0.558333 0.4 0.559722 0.399219 0.559722 0.399219 0.563889 0.398438 0.565278 0.398438 0.568056 0.397656 0.569444 0.397656 0.573611 0.401562 0.580556 0.402344 0.580556 0.403125 0.581944 0.403906 0.581944 0.404688 0.580556 0.40625 0.580556 0.407031 0.579167 0.408594 0.579167 0.408594 0.5625 0.407812 0.561111 0.407812 0.556944
0 0.007031 0.495833 0.007031 0.497222 0.00625 0.498611 0.00625 0.501389 0.005469 0.502778 0.005469 0.504167 0.00625 0.504167 0.007031 0.505556 0.007812 0.505556 0.008594 0.506944 0.009375 0.506944 0.010938 0.509722 0.011719 0.509722 0.0125 0.511111 0.013281 0.511111 0.014844 0.508333 0.015625 0.508333 0.017188 0.505556 0.017188 0.497222 0.010156 0.497222 0.009375 0.495833
0 0.975781 0.409722 0.975 0.411111 0.973438 0.411111 0.973438 0.418056 0.974219 0.419444 0.974219 0.420833 0.976562 0.420833 0.977344 0.419444 0.977344 0.415278 0.978125 0.413889 0.978125 0.4125 0.977344 0.411111 0.976562 0.411111
0 0.113281 0.391667 0.111719 0.394444 0.111719 0.395833 0.110938 0.397222 0.110938 0.401389 0.111719 0.402778 0.111719 0.406944 0.113281 0.406944 0.114062 0.408333 0.117188 0.408333 0.117188 0.405556 0.117969 0.404167 0.117969 0.4
0 0.521094 0.379167 0.516406 0.3875 0.516406 0.394444 0.517188 0.395833 0.517188 0.408333 0.517969 0.408333 0.51875 0.409722 0.519531 0.409722 0.521094 0.4125 0.521875 0.4125 0.522656 0.413889 0.523438 0.413889 0.524219 0.415278 0.526562 0.415278 0.527344 0.413889 0.528125 0.413889 0.528906 0.4125 0.530469 0.4125 0.53125 0.411111 0.532031 0.411111 0.532031 0.408333 0.532812 0.406944 0.532812 0.394444 0.532031 0.393056 0.532031 0.390278 0.53125 0.388889 0.53125 0.386111 0.530469 0.384722 0.530469 0.381944 0.529688 0.381944 0.528906 0.383333 0.528125 0.383333 0.527344 0.384722 0.526562 0.384722 0.525781 0.386111 0.521875 0.379167
0 0.100781 0.369444 0.1 0.370833 0.1 0.372222 0.096875 0.377778 0.1 0.383333 0.1 0.384722 0.102344 0.388889 0.103125 0.3875 0.103906 0.3875 0.105469 0.384722 0.10625 0.384722 0.107031 0.383333 0.107031 0.375 0.10625 0.373611 0.10625 0.372222 0.105469 0.372222 0.104688 0.370833 0.103125 0.370833 0.102344 0.369444
0 0.727344 0.344444 0.726562 0.345833 0.724219 0.345833 0.723438 0.347222 0.721875 0.347222 0.721094 0.348611 0.719531 0.348611 0.719531 0.351389 0.720312 0.352778 0.720312 0.355556 0.721094 0.355556 0.723438 0.359722 0.723438 0.361111 0.725 0.363889 0.725781 0.363889 0.726562 0.3625 0.728125 0.3625 0.728906 0.361111 0.729688 0.361111 0.730469 0.359722 0.730469 0.358333 0.73125 0.356944 0.73125 0.355556 0.730469 0.354167 0.730469 0.351389 0.729688 0.35 0.729688 0.348611
0 0.172656 0.336111 0.172656 0.3375 0.171875 0.338889 0.171875 0.344444 0.173438 0.347222 0.173438 0.348611 0.174219 0.35 0.178906 0.35 0.178906 0.343056 0.178125 0.341667 0.177344 0.341667 0.176562 0.340278 0.175781 0.340278 0.175 0.338889 0.174219 0.338889
0 0.902344 0.334722 0.901562 0.336111 0.895312 0.336111 0.89375 0.338889 0.89375 0.340278 0.891406 0.344444 0.891406 0.352778 0.892188 0.354167 0.892188 0.356944 0.897656 0.356944 0.897656 0.355556 0.901562 0.348611 0.901562 0.347222 0.902344 0.345833 0.902344 0.343056 0.903125 0.341667 0.903125 0.338889 0.903906 0.3375
0 0.429688 0.315278 0.428906 0.316667 0.426562 0.316667 0.425781 0.318056 0.424219 0.318056 0.424219 0.326389 0.425 0.326389 0.425781 0.327778 0.426562 0.327778 0.427344 0.329167 0.428906 0.329167 0.429688 0.330556 0.430469 0.329167 0.430469 0.327778 0.43125 0.326389 0.43125 0.323611 0.432031 0.322222 0.432031 0.319444 0.43125 0.318056 0.43125 0.316667 0.430469 0.315278
0 0.785938 0.265278 0.784375 0.268056 0.784375 0.269444 0.782812 0.272222 0.782812 0.273611 0.783594 0.275 0.783594 0.280556 0.785156 0.280556 0.785938 0.281944 0.7875 0.281944 0.788281 0.283333 0.789062 0.283333 0.791406 0.279167 0.791406 0.277778 0.790625 0.276389 0.790625 0.268056 0.789844 0.268056 0.789062 0.266667 0.788281 0.266667 0.7875 0.265278
0 0.753125 0.230556 0.751562 0.233333 0.750781 0.233333 0.750781 0.236111 0.75 0.2375 0.75 0.243056 0.750781 0.244444 0.750781 0.245833 0.752344 0.248611 0.752344 0.25 0.753125 0.248611 0.754688 0.248611 0.754688 0.234722 0.753906 0.233333 0.753906 0.230556
0 0.785156 0.229167 0.784375 0.230556 0.783594 0.230556 0.782812 0.231944 0.782031 0.231944 0.78125 0.233333 0.780469 0.233333 0.780469 0.2375 0.78125 0.238889 0.78125 0.241667 0.782812 0.244444 0.785938 0.244444 0.786719 0.245833 0.788281 0.243056 0.788281 0.241667 0.789844 0.238889 0.789844 0.234722 0.790625 0.233333 0.790625 0.231944 0.789062 0.231944 0.788281 0.230556 0.785938 0.230556
0 0.640625 0.201389 0.639844 0.202778 0.639062 0.202778 0.638281 0.204167 0.636719 0.204167 0.635938 0.205556 0.635156 0.205556 0.633594 0.208333 0.633594 0.209722 0.634375 0.209722 0.635938 0.2125 0.636719 0.2125 0.6375 0.213889 0.638281 0.213889 0.639062 0.2125 0.639844 0.2125 0.640625 0.211111 0.640625 0.209722 0.641406 0.208333 0.641406 0.204167 0.640625 0.202778
0 0.845312 0.165278 0.844531 0.166667 0.84375 0.166667 0.84375 0.168056 0.844531 0.169444 0.844531 0.175 0.845312 0.175 0.847656 0.170833 0.847656 0.168056 0.846875 0.166667 0.846875 0.165278
0 0.4125 0.159722 0.411719 0.161111 0.410938 0.161111 0.408594 0.165278 0.407812 0.165278 0.4125 0.173611 0.413281 0.172222 0.414062 0.172222 0.414844 0.170833 0.414844 0.161111 0.413281 0.161111
0 0.40625 0.144444 0.40625 0.145833 0.405469 0.147222 0.405469 0.152778 0.40625 0.154167 0.40625 0.155556 0.4125 0.155556 0.4125 0.145833 0.410156 0.145833 0.409375 0.144444
0 0.846094 0.123611 0.844531 0.126389 0.84375 0.126389 0.842969 0.127778 0.842969 0.129167 0.84375 0.130556 0.84375 0.136111 0.845312 0.138889 0.845312 0.140278 0.846875 0.143056 0.847656 0.143056 0.848438 0.141667 0.849219 0.141667 0.85 0.140278 0.850781 0.140278 0.850781 0.138889 0.851562 0.1375 0.851562 0.136111 0.852344 0.134722 0.852344 0.130556 0.851562 0.129167 0.851562 0.127778 0.85 0.125 0.848438 0.125 0.847656 0.123611
0 0.46875 0.1 0.46875 0.106944 0.474219 0.106944 0.474219 0.104167 0.475 0.102778 0.475 0.101389 0.473438 0.101389 0.472656 0.1
