0 0.577344 0.755556 0.576562 0.756944 0.576562 0.758333 0.575781 0.759722 0.575781 0.7625 0.575 0.763889 0.575 0.768056 0.574219 0.769444 0.574219 0.780556 0.575781 0.783333 0.576562 0.783333 0.577344 0.784722 0.578125 0.784722 0.578906 0.786111 0.579688 0.786111 0.58125 0.788889 0.582031 0.788889 0.583594 0.791667 0.583594 0.790278 0.584375 0.788889 0.584375 0.7875 0.5875 0.781944 0.5875 0.780556 0.588281 0.779167 0.588281 0.777778 0.589062 0.776389 0.589062 0.773611 0.589844 0.772222 0.589844 0.770833 0.5875 0.766667 0.5875 0.765278 0.586719 0.765278 0.584375 0.761111 0.583594 0.761111 0.582031 0.758333 0.58125 0.758333 0.580469 0.756944 0.578906 0.756944 0.578125 0.755556
0 0.596094 0.702778 0.595312 0.704167 0.595312 0.706944 0.594531 0.708333 0.594531 0.7125 0.59375 0.713889 0.59375 0.723611 0.595312 0.726389 0.595312 0.727778 0.596094 0.727778 0.6 0.720833 0.6 0.719444 0.600781 0.718056 0.600781 0.709722 0.6 0.708333 0.6 0.706944 0.599219 0.705556 0.599219 0.704167 0.598438 0.702778
0 0.560938 0.702778 0.557812 0.708333 0.557812 0.709722 0.555469 0.713889 0.555469 0.715278 0.553906 0.718056 0.553906 0.719444 0.553125 0.720833 0.553125 0.722222 0.552344 0.723611 0.552344 0.725 0.551562 0.726389 0.551562 0.727778 0.550781 0.729167 0.550781 0.730556 0.55 0.731944 0.55 0.7375 0.550781 0.738889 0.550781 0.747222 0.551562 0.748611 0.551562 0.75 0.552344 0.751389 0.552344 0.752778 0.553125 0.754167 0.553125 0.755556 0.553906 0.755556 0.554688 0.756944 0.55625 0.756944 0.557031 0.758333 0.558594 0.758333 0.559375 0.759722 0.560938 0.759722 0.561719 0.761111 0.563281 0.761111 0.564062 0.7625 0.566406 0.7625 0.567188 0.761111 0.567969 0.761111 0.569531 0.758333 0.570312 0.758333 0.572656 0.754167 0.572656 0.751389 0.573438 0.75 0.573438 0.748611 0.574219 0.747222 0.574219 0.745833 0.575 0.744444 0.575 0.743056 0.575781 0.741667 0.575781 0.740278 0.576562 0.738889 0.576562 0.7375 0.577344 0.736111 0.577344 0.718056 0.574219 0.7125 0.574219 0.711111 0.572656 0.708333 0.571875 0.708333 0.571094 0.706944 0.570312 0.706944 0.56875 0.704167 0.567969 0.704167 0.567188 0.702778
0 0.494531 0.622222 0.49375 0.623611 0.492969 0.623611 0.491406 0.626389 0.491406 0.629167 0.490625 0.630556 0.490625 0.631944 0.491406 0.633333 0.492188 0.633333 0.492969 0.634722 0.49375 0.634722 0.495312 0.6375 0.496094 0.6375 0.496875 0.638889 0.498438 0.638889 0.5 0.636111 0.500781 0.636111 0.502344 0.633333 0.502344 0.631944 0.501562 0.630556 0.501562 0.627778 0.500781 0.626389 0.500781 0.625 0.5 0.623611 0.499219 0.623611 0.498438 0.622222
0 0.160938 0.593056 0.159375 0.595833 0.159375 0.597222 0.158594 0.598611 0.158594 0.6 0.159375 0.601389 0.159375 0.602778 0.160156 0.604167 0.160156 0.605556 0.160938 0.606944 0.160938 0.608333 0.164062 0.613889 0.164844 0.613889 0.164844 0.6125 0.165625 0.611111 0.165625 0.609722 0.166406 0.608333 0.166406 0.6 0.165625 0.598611 0.165625 0.597222 0.163281 0.593056
0 0.524219 0.572222 0.523438 0.573611 0.521875 0.573611 0.521094 0.575 0.516406 0.575 0.515625 0.576389 0.514844 0.576389 0.513281 0.579167 0.513281 0.580556 0.510938 0.584722 0.510938 0.586111 0.508594 0.590278 0.508594 0.591667 0.507031 0.594444 0.507031 0.601389 0.50625 0.602778 0.507031 0.602778 0.508594 0.605556 0.509375 0.605556 0.510938 0.608333 0.511719 0.608333 0.5125 0.609722 0.513281 0.609722 0.514844 0.6125 0.519531 0.6125 0.520312 0.613889 0.525 0.613889 0.525781 0.6125 0.526562 0.6125 0.527344 0.611111 0.527344 0.609722 0.528125 0.608333 0.528125 0.606944 0.528906 0.605556 0.528906 0.604167 0.529688 0.602778 0.529688 0.601389 0.530469 0.6 0.530469 0.597222 0.53125 0.595833 0.53125 0.594444 0.532031 0.593056 0.532031 0.591667 0.532812 0.590278 0.532812 0.586111 0.532031 0.584722 0.532031 0.581944 0.528906 0.576389 0.528125 0.576389 0.525781 0.572222
0 0.220312 0.519444 0.219531 0.520833 0.219531 0.522222 0.21875 0.523611 0.21875 0.525 0.220312 0.527778 0.220312 0.529167 0.221875 0.531944 0.223438 0.531944 0.224219 0.533333 0.228906 0.533333 0.228906 0.530556 0.229688 0.529167 0.229688 0.527778 0.228906 0.526389 0.228125 0.526389 0.226562 0.523611 0.225781 0.523611 0.225 0.522222 0.224219 0.522222 0.223438 0.520833 0.222656 0.520833 0.221875 0.519444
0 0.666406 0.4625 0.665625 0.463889 0.664844 0.463889 0.663281 0.466667 0.6625 0.466667 0.6625 0.468056 0.659375 0.473611 0.659375 0.475 0.658594 0.476389 0.658594 0.479167 0.657812 0.480556 0.657812 0.484722 0.657031 0.486111 0.657031 0.490278 0.65625 0.491667 0.65625 0.497222 0.655469 0.498611 0.655469 0.5 0.65625 0.501389 0.65625 0.504167 0.657031 0.505556 0.657031 0.508333 0.657812 0.509722 0.657812 0.513889 0.658594 0.515278 0.658594 0.518056 0.659375 0.519444 0.659375 0.520833 0.660156 0.522222 0.660156 0.525 0.660938 0.526389 0.660938 0.527778 0.661719 0.529167 0.666406 0.529167 0.667188 0.527778 0.667188 0.526389 0.667969 0.525 0.667969 0.523611 0.66875 0.522222 0.66875 0.520833 0.669531 0.519444 0.669531 0.516667 0.670312 0.515278 0.670312 0.505556 0.671875 0.502778 0.671875 0.501389 0.673438 0.498611 0.673438 0.497222 0.674219 0.495833 0.674219 0.493056 0.675 0.491667 0.675 0.488889 0.675781 0.4875 0.675781 0.484722 0.676562 0.483333 0.676562 0.481944 0.678125 0.479167 0.678125 0.477778 0.678906 0.476389 0.678906 0.473611 0.678125 0.472222 0.677344 0.472222 0.675781 0.469444 0.675 0.469444 0.674219 0.468056 0.671094 0.468056 0.66875 0.463889 0.667969 0.463889 0.667188 0.4625
0 0.080469 0.318056 0.079688 0.319444 0.079688 0.323611 0.078906 0.325 0.080469 0.327778 0.080469 0.329167 0.082031 0.331944 0.082031 0.333333 0.082812 0.333333 0.083594 0.331944 0.084375 0.331944 0.085156 0.330556 0.085156 0.329167 0.085938 0.327778 0.085938 0.325 0.085156 0.323611 0.085156 0.322222 0.083594 0.319444 0.082812 0.319444 0.082031 0.318056
0 0.7875 0.311111 0.7875 0.320833 0.789844 0.325 0.792188 0.325 0.792969 0.323611 0.79375 0.323611 0.79375 0.320833 0.794531 0.319444 0.794531 0.315278 0.79375 0.313889 0.792188 0.313889 0.791406 0.3125 0.788281 0.3125
