0 0.388281 0.705556 0.3875 0.706944 0.386719 0.706944 0.385156 0.709722 0.384375 0.709722 0.383594 0.711111 0.384375 0.7125 0.384375 0.715278 0.385156 0.716667 0.385156 0.719444 0.385938 0.720833 0.385938 0.722222 0.386719 0.723611 0.3875 0.723611 0.389844 0.727778 0.396875 0.727778 0.396875 0.726389 0.397656 0.725 0.397656 0.720833 0.398438 0.719444 0.397656 0.718056 0.397656 0.716667 0.396875 0.715278 0.396875 0.713889 0.396094 0.7125 0.396094 0.711111 0.395312 0.709722 0.395312 0.708333 0.394531 0.706944 0.391406 0.706944 0.390625 0.705556
0 0.58125 0.648611 0.578125 0.654167 0.578125 0.665278 0.578906 0.665278 0.580469 0.668056 0.582031 0.668056 0.582812 0.669444 0.584375 0.669444 0.585156 0.670833 0.586719 0.670833 0.589844 0.665278 0.589844 0.658333 0.5875 0.654167 0.5875 0.652778 0.586719 0.651389 0.586719 0.65 0.585938 0.648611
0 0.372656 0.605556 0.371875 0.606944 0.371094 0.606944 0.369531 0.609722 0.36875 0.609722 0.367188 0.6125 0.366406 0.6125 0.366406 0.615278 0.365625 0.616667 0.365625 0.620833 0.364844 0.622222 0.364844 0.629167 0.366406 0.629167 0.367188 0.627778 0.369531 0.627778 0.370312 0.626389 0.371094 0.626389 0.371875 0.625 0.372656 0.625 0.376562 0.618056 0.377344 0.618056 0.377344 0.608333 0.376562 0.608333 0.375781 0.606944 0.375 0.606944 0.374219 0.605556
0 0.832031 0.573611 0.830469 0.576389 0.829688 0.576389 0.828906 0.577778 0.828906 0.579167 0.828125 0.580556 0.828125 0.590278 0.828906 0.591667 0.828906 0.593056 0.829688 0.594444 0.829688 0.598611 0.830469 0.6 0.830469 0.606944 0.832031 0.609722 0.833594 0.609722 0.834375 0.611111 0.835156 0.611111 0.835938 0.6125 0.836719 0.611111 0.8375 0.611111 0.839844 0.606944 0.839844 0.605556 0.840625 0.604167 0.840625 0.601389 0.841406 0.6 0.841406 0.597222 0.842188 0.595833 0.842188 0.593056 0.842969 0.591667 0.842969 0.586111 0.842188 0.584722 0.842188 0.581944 0.841406 0.580556 0.841406 0.579167 0.840625 0.577778 0.839844 0.577778 0.839062 0.579167 0.8375 0.579167 0.836719 0.580556 0.832812 0.573611
0 0.492969 0.497222 0.492188 0.498611 0.491406 0.498611 0.491406 0.5 0.489844 0.502778 0.489844 0.511111 0.490625 0.5125 0.490625 0.513889 0.491406 0.513889 0.492969 0.516667 0.496094 0.511111 0.496875 0.511111 0.496875 0.508333 0.497656 0.506944 0.497656 0.502778 0.494531 0.497222
0 0.395312 0.488889 0.395312 0.5 0.396094 0.501389 0.396094 0.509722 0.398438 0.509722 0.399219 0.511111 0.402344 0.511111 0.403906 0.508333 0.403906 0.506944 0.405469 0.504167 0.405469 0.502778 0.40625 0.501389 0.401562 0.493056 0.401562 0.491667 0.400781 0.490278 0.398438 0.490278 0.397656 0.488889
0 0.342969 0.477778 0.342188 0.479167 0.341406 0.479167 0.339844 0.481944 0.339062 0.481944 0.3375 0.484722 0.336719 0.484722 0.336719 0.486111 0.332031 0.494444 0.332031 0.506944 0.332812 0.508333 0.332812 0.509722 0.334375 0.5125 0.334375 0.513889 0.335156 0.5125 0.338281 0.5125 0.339062 0.511111 0.340625 0.511111 0.342188 0.508333 0.342969 0.508333 0.344531 0.505556 0.345312 0.505556 0.347656 0.501389 0.348438 0.501389 0.35 0.498611 0.350781 0.498611 0.352344 0.495833 0.353125 0.495833 0.353906 0.494444 0.353906 0.484722 0.35 0.477778
0 0.452344 0.473611 0.451562 0.475 0.450781 0.475 0.45 0.476389 0.45 0.477778 0.450781 0.479167 0.450781 0.483333 0.451562 0.484722 0.451562 0.486111 0.452344 0.4875 0.452344 0.488889 0.455469 0.494444 0.45625 0.493056 0.457031 0.493056 0.460156 0.4875 0.460156 0.484722 0.459375 0.483333 0.459375 0.479167 0.458594 0.477778 0.457812 0.477778 0.457031 0.476389 0.454688 0.476389 0.453125 0.473611
0 0.758594 0.436111 0.758594 0.4375 0.752344 0.448611 0.752344 0.451389 0.753125 0.452778 0.753125 0.458333 0.755469 0.4625 0.75625 0.4625 0.757812 0.459722 0.758594 0.459722 0.7625 0.452778 0.763281 0.452778 0.763281 0.448611 0.7625 0.447222 0.7625 0.4375 0.761719 0.4375 0.760938 0.436111
0 0.49375 0.35 0.492969 0.351389 0.491406 0.351389 0.490625 0.352778 0.489844 0.352778 0.489844 0.359722 0.490625 0.361111 0.490625 0.3625 0.492969 0.366667 0.49375 0.366667 0.494531 0.365278 0.496094 0.365278 0.496875 0.363889 0.496875 0.356944 0.49375 0.351389
0 0.499219 0.338889 0.496875 0.343056 0.496875 0.348611 0.498438 0.348611 0.499219 0.35 0.501562 0.35 0.502344 0.348611 0.503906 0.348611 0.504687 0.347222 0.504687 0.341667 0.503125 0.341667 0.502344 0.340278 0.5 0.340278
0 0.482812 0.2375 0.482812 0.238889 0.480469 0.243056 0.480469 0.244444 0.479688 0.245833 0.479688 0.247222 0.48125 0.25 0.483594 0.25 0.484375 0.248611 0.485156 0.248611 0.485156 0.247222 0.484375 0.245833 0.484375 0.243056 0.483594 0.241667 0.483594 0.238889
0 0.590625 0.038889 0.5875 0.044444 0.5875 0.051389 0.586719 0.052778 0.586719 0.054167 0.585938 0.055556 0.585938 0.056944 0.585156 0.058333 0.588281 0.063889 0.588281 0.065278 0.592188 0.065278 0.592188 0.0625 0.592969 0.061111 0.592969 0.059722 0.59375 0.058333 0.59375 0.052778 0.594531 0.051389 0.594531 0.038889
0 0.58125 0.018056 0.580469 0.019444 0.578125 0.019444 0.576562 0.022222 0.575781 0.022222 0.574219 0.025 0.574219 0.026389 0.573438 0.027778 0.573438 0.036111 0.574219 0.0375 0.575 0.0375 0.577344 0.041667 0.582031 0.041667 0.582812 0.040278 0.582812 0.038889 0.584375 0.036111 0.584375 0.034722 0.585156 0.033333 0.585156 0.031944 0.582812 0.027778 0.582812 0.019444 0.582031 0.018056
