0 0.642969 0.979167 0.639844 0.984722 0.639844 0.986111 0.640625 0.9875 0.640625 0.988889 0.641406 0.990278 0.641406 0.991667 0.642188 0.991667 0.642969 0.993056 0.644531 0.993056 0.645312 0.994444 0.646875 0.994444 0.647656 0.995833 0.648438 0.994444 0.648438 0.993056 0.649219 0.991667 0.649219 0.988889 0.648438 0.9875 0.648438 0.981944 0.647656 0.980556 0.647656 0.979167
0 0.560938 0.740278 0.557031 0.747222 0.557031 0.748611 0.555469 0.751389 0.555469 0.752778 0.553906 0.755556 0.553906 0.756944 0.553125 0.758333 0.553125 0.759722 0.549219 0.766667 0.549219 0.768056 0.546094 0.773611 0.546094 0.776389 0.546875 0.777778 0.546875 0.781944 0.547656 0.783333 0.547656 0.784722 0.549219 0.784722 0.55 0.786111 0.552344 0.786111 0.553906 0.783333 0.553906 0.781944 0.555469 0.779167 0.555469 0.777778 0.55625 0.776389 0.55625 0.775 0.557031 0.773611 0.557031 0.770833 0.557812 0.769444 0.557812 0.768056 0.558594 0.766667 0.558594 0.763889 0.559375 0.7625 0.559375 0.759722 0.560156 0.758333 0.560156 0.743056 0.560938 0.741667
0 0.548438 0.738889 0.547656 0.740278 0.546094 0.740278 0.545312 0.741667 0.54375 0.741667 0.544531 0.743056 0.544531 0.744444 0.545312 0.745833 0.545312 0.748611 0.546094 0.75 0.550781 0.75 0.550781 0.744444 0.55 0.743056 0.55 0.738889
0 0.566406 0.522222 0.565625 0.523611 0.564844 0.523611 0.564062 0.525 0.563281 0.525 0.561719 0.527778 0.560938 0.527778 0.560156 0.529167 0.559375 0.529167 0.557812 0.531944 0.557031 0.531944 0.554688 0.536111 0.553906 0.536111 0.546094 0.55 0.546875 0.551389 0.546875 0.554167 0.547656 0.555556 0.547656 0.558333 0.548438 0.559722 0.548438 0.5625 0.551562 0.5625 0.552344 0.561111 0.554688 0.561111 0.554688 0.559722 0.553906 0.558333 0.553906 0.555556 0.553125 0.554167 0.553125 0.552778 0.554688 0.55 0.555469 0.55 0.557812 0.545833 0.558594 0.545833 0.560156 0.543056 0.563281 0.543056 0.564062 0.541667 0.565625 0.541667 0.566406 0.540278 0.567188 0.540278 0.567969 0.538889 0.56875 0.538889 0.570312 0.536111 0.571094 0.536111 0.571875 0.5375 0.573438 0.5375 0.574219 0.538889 0.575781 0.538889 0.576562 0.540278 0.577344 0.540278 0.577344 0.5375 0.576562 0.536111 0.576562 0.534722 0.574219 0.530556 0.573438 0.530556 0.571094 0.526389 0.570312 0.526389 0.567969 0.522222
0 0.555469 0.498611 0.554688 0.5 0.55 0.5 0.549219 0.501389 0.547656 0.501389 0.546875 0.502778 0.546094 0.502778 0.545312 0.504167 0.54375 0.504167 0.542969 0.505556 0.542188 0.505556 0.541406 0.506944 0.540625 0.506944 0.5375 0.5125 0.5375 0.530556 0.539844 0.530556 0.540625 0.529167 0.541406 0.529167 0.545312 0.522222 0.546094 0.522222 0.547656 0.519444 0.548438 0.519444 0.55 0.516667 0.550781 0.516667 0.551562 0.515278 0.552344 0.515278 0.553906 0.5125 0.554688 0.5125 0.55625 0.509722 0.557031 0.509722 0.559375 0.505556 0.560156 0.505556 0.558594 0.502778 0.557812 0.502778
0 0.384375 0.472222 0.384375 0.475 0.383594 0.476389 0.383594 0.479167 0.382812 0.480556 0.382812 0.483333 0.3875 0.491667 0.39375 0.491667 0.395312 0.488889 0.395312 0.486111 0.396094 0.484722 0.396094 0.479167 0.395312 0.477778 0.395312 0.476389 0.394531 0.475 0.394531 0.473611 0.3875 0.473611 0.386719 0.472222
0 0.011719 0.363889 0.010938 0.365278 0.010938 0.366667 0.010156 0.368056 0.010156 0.370833 0.010938 0.372222 0.010938 0.375 0.011719 0.376389 0.011719 0.377778 0.014844 0.383333 0.015625 0.383333 0.016406 0.381944 0.017188 0.381944 0.017969 0.380556 0.01875 0.380556 0.019531 0.379167 0.020312 0.379167 0.020312 0.376389 0.019531 0.375 0.019531 0.372222 0.015625 0.365278 0.014062 0.365278 0.013281 0.363889
0 0.414062 0.263889 0.4125 0.266667 0.411719 0.266667 0.405469 0.277778 0.407031 0.280556 0.407031 0.281944 0.410938 0.288889 0.410938 0.290278 0.411719 0.291667 0.4125 0.291667 0.413281 0.290278 0.414062 0.290278 0.415625 0.2875 0.416406 0.2875 0.416406 0.284722 0.417188 0.283333 0.417188 0.276389 0.417969 0.275 0.417969 0.268056 0.415625 0.263889
0 0.784375 0.2375 0.783594 0.238889 0.78125 0.238889 0.78125 0.240278 0.779688 0.243056 0.779688 0.247222 0.780469 0.248611 0.780469 0.251389 0.782812 0.251389 0.783594 0.25 0.784375 0.25 0.784375 0.244444 0.785156 0.243056 0.785156 0.2375
0 0.759375 0.0875 0.758594 0.088889 0.757812 0.088889 0.757031 0.090278 0.75625 0.090278 0.755469 0.091667 0.755469 0.1 0.757031 0.1 0.757812 0.101389 0.760156 0.097222 0.760156 0.095833 0.760938 0.094444 0.760938 0.093056 0.761719 0.091667 0.761719 0.088889 0.760938 0.0875
0 0.508594 0.038889 0.507812 0.040278 0.505469 0.040278 0.504687 0.041667 0.502344 0.041667 0.501562 0.043056 0.499219 0.043056 0.498438 0.044444 0.496094 0.044444 0.496094 0.05 0.495312 0.051389 0.495312 0.059722 0.498438 0.065278 0.499219 0.065278 0.5 0.066667 0.501562 0.066667 0.502344 0.065278 0.503125 0.065278 0.503906 0.063889 0.504687 0.063889 0.505469 0.0625 0.50625 0.0625 0.507812 0.059722 0.508594 0.059722 0.509375 0.058333 0.510156 0.058333 0.510938 0.056944 0.510938 0.055556 0.511719 0.054167 0.511719 0.052778 0.513281 0.05 0.513281 0.048611 0.514062 0.047222 0.514062 0.045833 0.510156 0.038889
0 0.245312 0.001389 0.24375 0.004167 0.24375 0.009722 0.245312 0.009722 0.246094 0.011111 0.246875 0.009722 0.247656 0.009722 0.249219 0.006944 0.249219 0.002778 0.246875 0.002778 0.246094 0.001389
