0 0.001562 0.959722 0.001562 0.9625 0.000781 0.963889 0.000781 0.968056 0.0 0.969444 0.0 0.983333 0.001562 0.986111 0.002344 0.986111 0.003125 0.9875 0.003906 0.9875 0.004688 0.988889 0.005469 0.988889 0.00625 0.990278 0.007031 0.990278 0.007812 0.991667 0.008594 0.991667 0.008594 0.990278 0.009375 0.988889 0.009375 0.9875 0.010156 0.986111 0.010156 0.984722 0.010938 0.983333 0.010938 0.981944 0.011719 0.980556 0.011719 0.976389 0.010938 0.975 0.010938 0.968056 0.009375 0.965278 0.009375 0.963889 0.007031 0.959722
0 0.429688 0.884722 0.422656 0.897222 0.421875 0.897222 0.421875 0.915278 0.422656 0.915278 0.424219 0.918056 0.425 0.918056 0.425781 0.919444 0.426562 0.919444 0.428125 0.922222 0.428906 0.922222 0.430469 0.925 0.43125 0.925 0.432031 0.926389 0.438281 0.926389 0.439062 0.925 0.442188 0.925 0.442188 0.922222 0.441406 0.920833 0.441406 0.911111 0.440625 0.909722 0.440625 0.908333 0.441406 0.906944 0.441406 0.902778 0.442188 0.901389 0.442188 0.895833 0.442969 0.894444 0.442969 0.891667 0.440625 0.8875 0.439844 0.8875 0.438281 0.884722
0 0.659375 0.759722 0.658594 0.761111 0.658594 0.766667 0.659375 0.766667 0.660938 0.769444 0.6625 0.769444 0.663281 0.768056 0.664062 0.768056 0.664062 0.765278 0.664844 0.763889 0.664062 0.7625 0.6625 0.7625 0.660938 0.759722
0 0.694531 0.752778 0.69375 0.754167 0.692969 0.754167 0.692188 0.755556 0.690625 0.755556 0.690625 0.756944 0.691406 0.758333 0.691406 0.759722 0.694531 0.765278 0.701562 0.765278 0.702344 0.763889 0.703906 0.763889 0.703906 0.761111 0.703125 0.759722 0.703125 0.756944 0.701562 0.756944 0.700781 0.755556 0.699219 0.755556 0.698438 0.754167 0.696875 0.754167 0.696094 0.752778
0 0.871875 0.679167 0.871875 0.680556 0.870312 0.683333 0.870312 0.684722 0.869531 0.686111 0.869531 0.6875 0.870312 0.688889 0.870312 0.691667 0.871094 0.693056 0.871875 0.693056 0.872656 0.694444 0.873438 0.694444 0.874219 0.695833 0.877344 0.695833 0.877344 0.693056 0.878125 0.691667 0.878125 0.683333 0.877344 0.681944 0.877344 0.680556 0.873438 0.680556 0.872656 0.679167
0 0.624219 0.609722 0.624219 0.611111 0.623438 0.6125 0.623438 0.613889 0.622656 0.615278 0.622656 0.616667 0.621875 0.618056 0.621875 0.619444 0.621094 0.620833 0.621094 0.622222 0.620312 0.623611 0.620312 0.625 0.619531 0.626389 0.619531 0.627778 0.61875 0.629167 0.61875 0.631944 0.617969 0.633333 0.617969 0.634722 0.617188 0.636111 0.617188 0.6375 0.617969 0.638889 0.617969 0.640278 0.61875 0.641667 0.61875 0.643056 0.619531 0.644444 0.619531 0.645833 0.620312 0.647222 0.620312 0.648611 0.621875 0.651389 0.625781 0.651389 0.626562 0.65 0.632812 0.65 0.633594 0.648611 0.633594 0.643056 0.634375 0.641667 0.634375 0.6375 0.635156 0.636111 0.635156 0.630556 0.635938 0.629167 0.635938 0.627778 0.635156 0.626389 0.635156 0.623611 0.634375 0.622222 0.634375 0.620833 0.633594 0.619444 0.633594 0.618056 0.632812 0.616667 0.632812 0.613889 0.632031 0.613889 0.630469 0.611111 0.629688 0.611111 0.628906 0.609722
0 0.669531 0.544444 0.669531 0.547222 0.66875 0.548611 0.66875 0.55 0.667969 0.551389 0.66875 0.552778 0.66875 0.554167 0.670312 0.556944 0.670312 0.558333 0.671875 0.561111 0.677344 0.561111 0.677344 0.558333 0.678125 0.556944 0.678125 0.555556 0.678906 0.554167 0.678906 0.548611 0.678125 0.547222 0.678125 0.545833 0.674219 0.545833 0.673438 0.544444
0 0.942188 0.494444 0.940625 0.497222 0.940625 0.498611 0.939844 0.5 0.939062 0.5 0.938281 0.501389 0.936719 0.501389 0.936719 0.502778 0.9375 0.504167 0.9375 0.505556 0.939062 0.508333 0.939062 0.509722 0.940625 0.5125 0.940625 0.513889 0.94375 0.513889 0.94375 0.509722 0.945312 0.506944 0.945312 0.505556 0.946875 0.502778 0.946875 0.498611 0.947656 0.497222 0.947656 0.494444
0 0.605469 0.479167 0.605469 0.481944 0.604688 0.483333 0.604688 0.488889 0.605469 0.490278 0.605469 0.491667 0.607031 0.494444 0.607031 0.495833 0.607812 0.497222 0.607812 0.498611 0.608594 0.5 0.608594 0.502778 0.609375 0.504167 0.609375 0.509722 0.610156 0.509722 0.610938 0.511111 0.613281 0.511111 0.614062 0.509722 0.614062 0.508333 0.614844 0.506944 0.614844 0.495833 0.615625 0.494444 0.615625 0.481944 0.614062 0.479167
0 0.06875 0.431944 0.069531 0.431944 0.070312 0.433333 0.069531 0.434722 0.06875 0.434722 0.067969 0.436111 0.067188 0.436111 0.066406 0.4375 0.065625 0.4375 0.064844 0.438889 0.064062 0.438889 0.063281 0.440278 0.0625 0.440278 0.061719 0.441667 0.061719 0.454167 0.0625 0.455556 0.0625 0.456944 0.063281 0.458333 0.063281 0.459722 0.064062 0.461111 0.064062 0.4625 0.064844 0.463889 0.064844 0.465278 0.067188 0.465278 0.067969 0.466667 0.069531 0.466667 0.070312 0.468056 0.076562 0.456944 0.076562 0.451389 0.077344 0.45 0.077344 0.431944
0 0.675781 0.111111 0.675 0.1125 0.673438 0.1125 0.672656 0.113889 0.672656 0.119444 0.673438 0.120833 0.673438 0.123611 0.674219 0.123611 0.675 0.125 0.677344 0.125 0.677344 0.123611 0.678125 0.122222 0.678125 0.120833 0.678906 0.119444 0.678125 0.118056 0.678125 0.115278
0 0.157031 0.05 0.15625 0.051389 0.153125 0.051389 0.153125 0.073611 0.160938 0.073611 0.161719 0.075 0.163281 0.075 0.164062 0.076389 0.165625 0.076389 0.166406 0.077778 0.167188 0.077778 0.167969 0.079167 0.16875 0.079167 0.169531 0.080556 0.169531 0.081944 0.173438 0.088889 0.173438 0.090278 0.175 0.093056 0.176562 0.093056 0.177344 0.094444 0.178125 0.094444 0.180469 0.090278 0.18125 0.090278 0.182812 0.0875 0.183594 0.0875 0.184375 0.086111 0.185156 0.086111 0.185938 0.084722 0.1875 0.084722 0.188281 0.083333 0.189062 0.083333 0.191406 0.079167 0.191406 0.076389 0.190625 0.075 0.190625 0.073611 0.188281 0.069444 0.188281 0.068056 0.186719 0.065278 0.186719 0.063889 0.184375 0.059722 0.183594 0.059722 0.182812 0.058333 0.182031 0.058333 0.18125 0.056944 0.180469 0.058333 0.178906 0.058333 0.178125 0.059722 0.176562 0.059722 0.175 0.0625 0.175 0.065278 0.174219 0.066667 0.174219 0.068056 0.172656 0.070833 0.172656 0.072222 0.171875 0.073611 0.171094 0.073611 0.164062 0.061111 0.164062 0.059722 0.1625 0.056944 0.161719 0.056944 0.158594 0.051389 0.157812 0.051389
