0 0.138281 0.8625 0.1375 0.863889 0.136719 0.863889 0.135156 0.866667 0.134375 0.866667 0.133594 0.868056 0.132812 0.868056 0.13125 0.870833 0.13125 0.872222 0.130469 0.873611 0.130469 0.890278 0.13125 0.891667 0.13125 0.893056 0.132031 0.894444 0.132031 0.895833 0.132812 0.897222 0.132812 0.898611 0.133594 0.9 0.133594 0.901389 0.134375 0.902778 0.134375 0.904167 0.135938 0.904167 0.138281 0.9 0.139062 0.9 0.145312 0.888889 0.145312 0.8875 0.146094 0.886111 0.146094 0.881944 0.146875 0.880556 0.146875 0.876389 0.147656 0.875 0.146875 0.873611 0.146875 0.872222 0.146094 0.870833 0.146094 0.869444 0.145312 0.868056 0.145312 0.866667 0.144531 0.865278 0.144531 0.863889 0.141406 0.863889 0.140625 0.8625
0 0.110938 0.755556 0.110938 0.756944 0.110156 0.758333 0.110156 0.765278 0.109375 0.766667 0.111719 0.770833 0.117188 0.770833 0.117188 0.768056 0.117969 0.766667 0.117969 0.765278 0.116406 0.7625 0.116406 0.761111 0.114844 0.758333 0.114062 0.758333 0.113281 0.756944 0.111719 0.756944
0 0.938281 0.559722 0.9375 0.561111 0.935156 0.561111 0.935156 0.5625 0.935938 0.563889 0.935938 0.568056 0.939062 0.573611 0.939844 0.573611 0.941406 0.576389 0.942188 0.576389 0.94375 0.579167 0.944531 0.579167 0.945312 0.580556 0.946094 0.580556 0.946875 0.579167 0.949219 0.579167 0.95 0.577778 0.952344 0.577778 0.953125 0.576389 0.953125 0.575 0.953906 0.573611 0.953906 0.572222 0.954688 0.570833 0.954688 0.568056 0.950781 0.561111 0.945312 0.561111 0.944531 0.559722
0 0.411719 0.526389 0.410938 0.527778 0.409375 0.527778 0.408594 0.529167 0.407812 0.529167 0.407031 0.530556 0.40625 0.530556 0.405469 0.531944 0.403906 0.531944 0.403125 0.533333 0.396094 0.533333 0.396094 0.5375 0.395312 0.538889 0.395312 0.541667 0.396094 0.541667 0.396875 0.543056 0.397656 0.543056 0.398438 0.544444 0.4 0.544444 0.400781 0.545833 0.408594 0.545833 0.409375 0.544444 0.410156 0.544444 0.413281 0.538889 0.414062 0.538889 0.414844 0.5375 0.414844 0.536111 0.414062 0.534722 0.414062 0.533333 0.413281 0.531944 0.413281 0.529167 0.4125 0.527778 0.4125 0.526389
0 0.51875 0.447222 0.517969 0.448611 0.514062 0.448611 0.513281 0.45 0.509375 0.45 0.508594 0.451389 0.503906 0.451389 0.504687 0.452778 0.504687 0.458333 0.505469 0.459722 0.505469 0.463889 0.50625 0.465278 0.50625 0.469444 0.507031 0.470833 0.507812 0.470833 0.508594 0.472222 0.509375 0.472222 0.510156 0.473611 0.511719 0.473611 0.5125 0.475 0.513281 0.475 0.514062 0.476389 0.514844 0.475 0.525781 0.475 0.525781 0.458333 0.519531 0.447222
0 0.121875 0.423611 0.121094 0.425 0.120312 0.425 0.120312 0.427778 0.121094 0.429167 0.121094 0.433333 0.123438 0.433333 0.124219 0.434722 0.125781 0.434722 0.125781 0.433333 0.126562 0.431944 0.126562 0.429167 0.125781 0.427778 0.125 0.427778 0.123438 0.425 0.122656 0.425
0 0.559375 0.416667 0.558594 0.418056 0.553125 0.418056 0.553125 0.430556 0.553906 0.431944 0.553906 0.444444 0.554688 0.445833 0.555469 0.445833 0.55625 0.447222 0.557031 0.447222 0.557812 0.448611 0.558594 0.448611 0.559375 0.45 0.560156 0.45 0.560938 0.451389 0.561719 0.451389 0.5625 0.452778 0.563281 0.452778 0.564062 0.454167 0.565625 0.454167 0.566406 0.455556 0.567188 0.454167 0.569531 0.454167 0.570312 0.452778 0.572656 0.452778 0.573438 0.451389 0.576562 0.451389 0.577344 0.452778 0.578125 0.452778 0.580469 0.456944 0.58125 0.456944 0.582812 0.459722 0.583594 0.459722 0.583594 0.429167 0.582812 0.427778 0.582812 0.422222 0.582031 0.420833 0.582031 0.419444 0.58125 0.419444 0.580469 0.420833 0.576562 0.420833 0.575781 0.422222 0.571875 0.422222 0.571094 0.420833 0.570312 0.420833 0.569531 0.419444 0.567969 0.419444 0.567188 0.418056 0.566406 0.418056 0.565625 0.416667
0 0.126562 0.4 0.126562 0.402778 0.125781 0.404167 0.125781 0.406944 0.125 0.408333 0.125 0.409722 0.125781 0.411111 0.125781 0.413889 0.126562 0.415278 0.126562 0.416667 0.127344 0.418056 0.127344 0.419444 0.128125 0.420833 0.128125 0.422222 0.130469 0.422222 0.13125 0.420833 0.133594 0.420833 0.133594 0.419444 0.134375 0.418056 0.134375 0.416667 0.135156 0.415278 0.135156 0.411111 0.134375 0.409722 0.134375 0.408333 0.133594 0.406944 0.133594 0.405556 0.132812 0.404167 0.132812 0.402778 0.132031 0.401389 0.128125 0.401389 0.127344 0.4
0 0.025781 0.145833 0.025 0.147222 0.023438 0.147222 0.021875 0.15 0.021875 0.152778 0.021094 0.154167 0.021094 0.156944 0.024219 0.1625 0.025 0.161111 0.025781 0.161111 0.026562 0.159722 0.028125 0.159722 0.028125 0.158333 0.028906 0.156944 0.028906 0.154167 0.029688 0.152778 0.028906 0.151389 0.028906 0.15 0.028125 0.148611 0.028125 0.147222 0.027344 0.145833
0 0.534375 0.1125 0.533594 0.113889 0.532031 0.113889 0.53125 0.115278 0.529688 0.115278 0.528906 0.116667 0.527344 0.116667 0.527344 0.134722 0.529688 0.138889 0.529688 0.140278 0.532031 0.144444 0.532031 0.145833 0.532812 0.144444 0.533594 0.144444 0.534375 0.143056 0.535156 0.143056 0.535938 0.141667 0.536719 0.141667 0.5375 0.140278 0.539062 0.140278 0.539844 0.138889 0.540625 0.138889 0.540625 0.1375 0.541406 0.136111 0.541406 0.134722 0.542188 0.133333 0.542188 0.130556 0.542969 0.129167 0.542969 0.126389 0.54375 0.125 0.54375 0.122222 0.542188 0.122222 0.541406 0.120833 0.539844 0.120833 0.5375 0.116667 0.536719 0.116667
