0 0.697656 0.880556 0.696875 0.881944 0.695312 0.881944 0.695312 0.888889 0.696094 0.890278 0.696094 0.897222 0.701562 0.906944 0.701562 0.908333 0.702344 0.909722 0.704688 0.909722 0.705469 0.911111 0.710156 0.911111 0.710938 0.909722 0.710938 0.901389 0.707031 0.894444 0.707031 0.893056 0.703125 0.886111 0.703125 0.884722 0.700781 0.880556
0 0.672656 0.863889 0.672656 0.868056 0.671875 0.869444 0.671875 0.872222 0.671094 0.873611 0.671094 0.877778 0.671875 0.879167 0.671875 0.883333 0.672656 0.884722 0.672656 0.886111 0.673438 0.8875 0.675 0.8875 0.675781 0.888889 0.676562 0.888889 0.677344 0.890278 0.678125 0.890278 0.678906 0.891667 0.679688 0.890278 0.680469 0.890278 0.682812 0.886111 0.683594 0.886111 0.685156 0.883333 0.685156 0.877778 0.685938 0.876389 0.685938 0.872222 0.685156 0.870833 0.685156 0.868056 0.684375 0.866667 0.684375 0.863889
0 0.639062 0.8625 0.639062 0.863889 0.636719 0.868056 0.636719 0.870833 0.6375 0.872222 0.6375 0.876389 0.638281 0.877778 0.638281 0.881944 0.639844 0.881944 0.640625 0.880556 0.640625 0.868056 0.639844 0.866667 0.639844 0.863889
0 0.632812 0.823611 0.632031 0.825 0.629688 0.825 0.629688 0.8375 0.628906 0.838889 0.628906 0.840278 0.629688 0.841667 0.629688 0.844444 0.630469 0.845833 0.630469 0.848611 0.63125 0.85 0.63125 0.854167 0.632031 0.855556 0.632031 0.856944 0.635156 0.8625 0.635938 0.8625 0.6375 0.859722 0.638281 0.859722 0.639844 0.856944 0.639844 0.854167 0.639062 0.852778 0.639062 0.843056 0.638281 0.841667 0.638281 0.838889 0.6375 0.8375 0.6375 0.836111 0.636719 0.834722 0.636719 0.831944 0.635938 0.830556 0.635938 0.829167 0.635156 0.827778 0.635156 0.826389 0.634375 0.825 0.634375 0.823611
0 0.400781 0.790278 0.4 0.791667 0.396875 0.791667 0.396094 0.793056 0.394531 0.793056 0.394531 0.794444 0.395312 0.795833 0.395312 0.798611 0.396094 0.8 0.396094 0.802778 0.396875 0.804167 0.397656 0.802778 0.399219 0.802778 0.4 0.801389 0.401562 0.801389 0.402344 0.8 0.403125 0.8 0.403125 0.798611 0.403906 0.797222 0.403906 0.795833 0.404688 0.794444 0.404688 0.793056 0.405469 0.791667 0.405469 0.790278
0 0.173438 0.708333 0.173438 0.713889 0.175781 0.713889 0.176562 0.7125 0.177344 0.7125 0.178125 0.711111 0.178906 0.711111 0.178125 0.711111 0.176562 0.708333
0 0.2125 0.686111 0.211719 0.6875 0.211719 0.688889 0.214844 0.688889 0.215625 0.690278 0.21875 0.690278 0.21875 0.688889 0.217188 0.686111
0 0.464062 0.681944 0.464062 0.684722 0.464844 0.686111 0.464844 0.690278 0.465625 0.691667 0.465625 0.694444 0.467188 0.694444 0.467969 0.693056 0.471875 0.693056 0.471875 0.684722 0.471094 0.683333 0.470312 0.683333 0.469531 0.681944
0 0.211719 0.673611 0.210156 0.676389 0.210938 0.677778 0.210938 0.679167 0.214062 0.679167 0.214062 0.676389 0.2125 0.673611
0 0.173438 0.666667 0.173438 0.669444 0.174219 0.670833 0.174219 0.672222 0.175 0.673611 0.176562 0.670833 0.176562 0.669444 0.175 0.666667
0 0.570312 0.658333 0.569531 0.659722 0.569531 0.661111 0.56875 0.6625 0.56875 0.663889 0.567188 0.666667 0.566406 0.665278 0.565625 0.665278 0.564844 0.663889 0.563281 0.663889 0.5625 0.6625 0.561719 0.6625 0.560938 0.661111 0.559375 0.661111 0.559375 0.666667 0.560156 0.668056 0.560156 0.670833 0.560938 0.672222 0.560938 0.675 0.561719 0.676389 0.561719 0.680556 0.5625 0.681944 0.5625 0.684722 0.563281 0.686111 0.563281 0.6875 0.564062 0.688889 0.564844 0.688889 0.565625 0.690278 0.566406 0.690278 0.567188 0.691667 0.567969 0.691667 0.56875 0.693056 0.569531 0.693056 0.570312 0.694444 0.571094 0.694444 0.571875 0.695833 0.571875 0.702778 0.572656 0.704167 0.572656 0.711111 0.573438 0.7125 0.573438 0.716667 0.574219 0.718056 0.574219 0.719444 0.575781 0.722222 0.576562 0.722222 0.576562 0.720833 0.577344 0.719444 0.577344 0.704167 0.578125 0.702778 0.578125 0.698611 0.579688 0.695833 0.580469 0.695833 0.582031 0.693056 0.582812 0.693056 0.583594 0.691667 0.584375 0.691667 0.585938 0.688889 0.586719 0.688889 0.5875 0.6875 0.5875 0.677778 0.585938 0.675 0.585156 0.675 0.58125 0.668056 0.580469 0.668056 0.579688 0.666667 0.578906 0.666667 0.578125 0.665278 0.577344 0.665278 0.576562 0.663889 0.575781 0.663889 0.575 0.6625 0.574219 0.6625 0.573438 0.661111 0.572656 0.661111 0.571875 0.659722 0.571094 0.659722
0 0.457812 0.616667 0.457812 0.618056 0.457031 0.619444 0.457031 0.620833 0.45625 0.622222 0.45625 0.623611 0.455469 0.625 0.455469 0.626389 0.45625 0.626389 0.457031 0.627778 0.459375 0.627778 0.460156 0.629167 0.4625 0.629167 0.463281 0.630556 0.464844 0.630556 0.465625 0.631944 0.467188 0.631944 0.467969 0.633333 0.467969 0.631944 0.46875 0.630556 0.46875 0.629167 0.469531 0.627778 0.469531 0.626389 0.470312 0.625 0.470312 0.618056 0.465625 0.618056 0.464844 0.619444 0.464062 0.619444 0.463281 0.620833 0.4625 0.620833 0.461719 0.619444 0.460938 0.619444 0.460156 0.618056 0.459375 0.618056 0.458594 0.616667
0 0.646094 0.586111 0.645312 0.5875 0.64375 0.5875 0.642969 0.588889 0.642188 0.588889 0.640625 0.591667 0.639844 0.591667 0.639062 0.593056 0.639062 0.595833 0.638281 0.597222 0.638281 0.6 0.640625 0.604167 0.640625 0.605556 0.641406 0.606944 0.642188 0.606944 0.642969 0.608333 0.647656 0.608333 0.649219 0.605556 0.649219 0.604167 0.650781 0.601389 0.65 0.6 0.65 0.598611 0.648438 0.595833 0.648438 0.594444 0.647656 0.593056 0.647656 0.586111
0 0.467969 0.561111 0.464844 0.566667 0.464844 0.568056 0.465625 0.569444 0.465625 0.570833 0.466406 0.572222 0.466406 0.573611 0.467188 0.575 0.467188 0.576389 0.46875 0.579167 0.46875 0.580556 0.469531 0.581944 0.469531 0.583333 0.470312 0.584722 0.470312 0.586111 0.471094 0.5875 0.471094 0.606944 0.475781 0.615278 0.476562 0.615278 0.477344 0.613889 0.477344 0.6125 0.478906 0.609722 0.478906 0.608333 0.479688 0.606944 0.479688 0.605556 0.48125 0.602778 0.48125 0.601389 0.480469 0.6 0.480469 0.581944 0.48125 0.580556 0.48125 0.572222 0.475 0.561111
0 0.471094 0.545833 0.471094 0.55 0.470312 0.551389 0.470312 0.555556 0.473438 0.555556 0.474219 0.556944 0.478125 0.556944 0.477344 0.555556 0.477344 0.554167 0.476562 0.552778 0.476562 0.551389 0.475 0.548611 0.473438 0.548611 0.472656 0.547222 0.471875 0.547222
0 0.476562 0.538889 0.476562 0.545833 0.477344 0.547222 0.477344 0.548611 0.478125 0.55 0.478125 0.551389 0.479688 0.554167 0.479688 0.540278 0.478906 0.538889
0 0.508594 0.3625 0.507812 0.363889 0.50625 0.363889 0.505469 0.365278 0.503906 0.365278 0.503906 0.366667 0.503125 0.368056 0.503125 0.369444 0.502344 0.370833 0.502344 0.372222 0.501562 0.373611 0.501562 0.375 0.500781 0.376389 0.500781 0.377778 0.5 0.379167 0.5 0.380556 0.499219 0.381944 0.499219 0.383333 0.498438 0.384722 0.498438 0.386111 0.497656 0.3875 0.497656 0.390278 0.496875 0.391667 0.496875 0.394444 0.496094 0.395833 0.496094 0.397222 0.496875 0.398611 0.497656 0.398611 0.499219 0.401389 0.5 0.401389 0.501562 0.404167 0.502344 0.404167 0.503906 0.406944 0.50625 0.406944 0.507812 0.404167 0.508594 0.404167 0.509375 0.402778 0.510938 0.402778 0.511719 0.401389 0.513281 0.401389 0.514062 0.4 0.514844 0.4 0.515625 0.398611 0.516406 0.398611 0.519531 0.393056 0.519531 0.386111 0.520312 0.384722 0.520312 0.375 0.519531 0.375 0.516406 0.369444 0.515625 0.369444 0.5125 0.363889 0.511719 0.363889 0.510938 0.3625
