0 0.68125 0.826389 0.680469 0.827778 0.677344 0.827778 0.676562 0.829167 0.673438 0.829167 0.672656 0.830556 0.669531 0.830556 0.66875 0.831944 0.665625 0.831944 0.666406 0.833333 0.666406 0.836111 0.667188 0.8375 0.667188 0.840278 0.667969 0.841667 0.667969 0.844444 0.669531 0.847222 0.670312 0.847222 0.675 0.855556 0.675781 0.855556 0.679688 0.8625 0.680469 0.861111 0.682031 0.861111 0.682812 0.859722 0.683594 0.859722 0.684375 0.858333 0.685938 0.858333 0.686719 0.856944 0.6875 0.856944 0.6875 0.85 0.688281 0.848611 0.688281 0.833333 0.6875 0.831944 0.686719 0.831944 0.685938 0.830556 0.685156 0.830556 0.683594 0.827778 0.682812 0.827778 0.682031 0.826389
0 0.764844 0.790278 0.764062 0.791667 0.7625 0.791667 0.761719 0.793056 0.760938 0.793056 0.760156 0.794444 0.760156 0.795833 0.759375 0.797222 0.759375 0.8 0.761719 0.804167 0.7625 0.804167 0.7625 0.802778 0.764062 0.8 0.764844 0.8 0.765625 0.801389 0.767188 0.801389 0.767969 0.802778 0.76875 0.802778 0.76875 0.801389 0.769531 0.8 0.769531 0.797222 0.770312 0.795833 0.770312 0.794444 0.769531 0.793056 0.76875 0.793056 0.767969 0.791667 0.767188 0.791667 0.766406 0.790278
0 0.382812 0.777778 0.382812 0.779167 0.382031 0.780556 0.382031 0.781944 0.38125 0.783333 0.38125 0.786111 0.380469 0.7875 0.380469 0.788889 0.379688 0.790278 0.379688 0.793056 0.378906 0.794444 0.379688 0.795833 0.380469 0.795833 0.38125 0.797222 0.382031 0.797222 0.382812 0.798611 0.383594 0.798611 0.384375 0.8 0.385156 0.8 0.386719 0.802778 0.3875 0.802778 0.388281 0.804167 0.389062 0.804167 0.389844 0.805556 0.392188 0.805556 0.392969 0.804167 0.39375 0.804167 0.394531 0.802778 0.395312 0.802778 0.396094 0.801389 0.396875 0.801389 0.397656 0.8 0.398438 0.8 0.399219 0.798611 0.4 0.798611 0.400781 0.797222 0.400781 0.783333 0.399219 0.783333 0.398438 0.781944 0.397656 0.781944 0.396875 0.780556 0.395312 0.780556 0.394531 0.779167 0.39375 0.779167 0.392969 0.777778
0 0.753906 0.756944 0.751562 0.761111 0.751562 0.765278 0.752344 0.765278 0.75625 0.758333 0.755469 0.756944
0 0.496094 0.75 0.495312 0.751389 0.49375 0.751389 0.492969 0.752778 0.490625 0.752778 0.489844 0.754167 0.488281 0.754167 0.4875 0.755556 0.485938 0.755556 0.485156 0.756944 0.485156 0.758333 0.483594 0.761111 0.483594 0.7625 0.482031 0.765278 0.482031 0.766667 0.480469 0.769444 0.480469 0.770833 0.479688 0.772222 0.479688 0.7875 0.478906 0.788889 0.479688 0.790278 0.479688 0.791667 0.48125 0.794444 0.48125 0.795833 0.482031 0.797222 0.482031 0.798611 0.482812 0.8 0.482812 0.801389 0.483594 0.802778 0.483594 0.804167 0.485156 0.806944 0.485156 0.808333 0.485938 0.809722 0.485938 0.811111 0.486719 0.8125 0.486719 0.813889 0.4875 0.813889 0.496094 0.798611 0.496094 0.797222 0.496875 0.795833 0.496875 0.794444 0.497656 0.793056 0.497656 0.791667 0.498438 0.790278 0.498438 0.788889 0.499219 0.7875 0.499219 0.786111 0.5 0.784722 0.5 0.783333 0.500781 0.781944 0.500781 0.780556 0.501562 0.779167 0.501562 0.777778 0.502344 0.776389 0.502344 0.775 0.503125 0.773611 0.503125 0.772222 0.503906 0.770833 0.503906 0.769444 0.504687 0.768056 0.504687 0.766667 0.503906 0.765278 0.503906 0.763889 0.5 0.756944 0.5 0.755556 0.496875 0.75
0 0.703125 0.620833 0.702344 0.622222 0.701562 0.622222 0.7 0.625 0.699219 0.625 0.698438 0.626389 0.697656 0.626389 0.695312 0.630556 0.694531 0.630556 0.69375 0.631944 0.69375 0.633333 0.692969 0.634722 0.692969 0.636111 0.692188 0.6375 0.692188 0.643056 0.69375 0.645833 0.69375 0.647222 0.694531 0.648611 0.694531 0.65 0.696094 0.652778 0.696094 0.654167 0.696875 0.655556 0.697656 0.655556 0.699219 0.652778 0.7 0.652778 0.701562 0.65 0.702344 0.65 0.703125 0.648611 0.703906 0.648611 0.707812 0.641667 0.708594 0.641667 0.710938 0.6375 0.710938 0.636111 0.707812 0.630556 0.707812 0.629167 0.705469 0.625 0.705469 0.623611 0.703906 0.620833
0 0.535938 0.531944 0.535156 0.533333 0.534375 0.533333 0.534375 0.534722 0.533594 0.536111 0.534375 0.536111 0.535156 0.5375 0.539062 0.5375 0.538281 0.536111 0.538281 0.531944
0 0.504687 0.516667 0.503906 0.518056 0.503906 0.520833 0.503125 0.522222 0.503125 0.523611 0.501562 0.526389 0.501562 0.533333 0.503906 0.5375 0.504687 0.5375 0.507031 0.533333 0.507031 0.520833
0 0.641406 0.481944 0.641406 0.483333 0.639062 0.4875 0.638281 0.4875 0.6375 0.488889 0.636719 0.488889 0.635938 0.490278 0.632812 0.490278 0.632031 0.491667 0.632031 0.502778 0.63125 0.504167 0.63125 0.511111 0.632031 0.5125 0.632031 0.513889 0.632812 0.513889 0.633594 0.515278 0.636719 0.515278 0.6375 0.516667 0.638281 0.516667 0.639062 0.515278 0.64375 0.515278 0.644531 0.513889 0.646094 0.513889 0.649219 0.508333 0.649219 0.497222 0.648438 0.495833 0.648438 0.491667 0.647656 0.490278 0.647656 0.488889 0.646875 0.4875 0.646875 0.486111 0.645312 0.483333 0.642969 0.483333 0.642188 0.481944
0 0.503906 0.477778 0.503906 0.483333 0.503125 0.484722 0.503125 0.490278 0.503906 0.491667 0.503906 0.495833 0.504687 0.497222 0.504687 0.501389 0.508594 0.508333 0.508594 0.509722 0.510156 0.5125 0.510156 0.513889 0.510938 0.515278 0.514844 0.515278 0.517969 0.509722 0.517969 0.508333 0.519531 0.505556 0.519531 0.504167 0.520312 0.502778 0.51875 0.502778 0.517969 0.501389 0.517188 0.501389 0.516406 0.502778 0.515625 0.502778 0.514844 0.504167 0.514062 0.502778 0.514062 0.501389 0.513281 0.5 0.513281 0.486111 0.5125 0.486111 0.509375 0.480556 0.508594 0.480556 0.507812 0.479167 0.504687 0.479167
0 0.5375 0.411111 0.5375 0.413889 0.538281 0.415278 0.538281 0.420833 0.539062 0.422222 0.539062 0.423611 0.539844 0.423611 0.542188 0.427778 0.54375 0.427778 0.544531 0.426389 0.546094 0.426389 0.546875 0.425 0.546875 0.422222 0.546094 0.420833 0.546094 0.415278 0.54375 0.411111
0 0.261719 0.409722 0.260156 0.4125 0.260156 0.413889 0.260938 0.415278 0.260938 0.420833 0.261719 0.422222 0.260156 0.425 0.259375 0.425 0.257812 0.427778 0.257812 0.431944 0.258594 0.433333 0.258594 0.434722 0.260938 0.438889 0.263281 0.438889 0.264062 0.4375 0.265625 0.4375 0.265625 0.436111 0.267188 0.433333 0.267188 0.426389 0.267969 0.425 0.267969 0.423611 0.267188 0.422222 0.267188 0.418056 0.266406 0.416667 0.266406 0.415278 0.264844 0.4125 0.264062 0.4125 0.263281 0.411111 0.2625 0.411111
0 0.222656 0.402778 0.221875 0.404167 0.221875 0.405556 0.221094 0.406944 0.221094 0.411111 0.221875 0.411111 0.222656 0.4125 0.224219 0.4125 0.225 0.411111 0.225781 0.411111 0.226562 0.409722 0.227344 0.409722 0.226562 0.408333 0.226562 0.404167 0.224219 0.404167 0.223438 0.402778
0 0.265625 0.390278 0.265625 0.391667 0.264062 0.394444 0.264062 0.395833 0.264844 0.397222 0.264844 0.409722 0.265625 0.409722 0.266406 0.411111 0.26875 0.411111 0.269531 0.4125 0.272656 0.4125 0.273438 0.411111 0.274219 0.411111 0.275 0.409722 0.275 0.406944 0.274219 0.405556 0.274219 0.402778 0.273438 0.401389 0.273438 0.395833 0.271875 0.393056 0.271094 0.393056 0.269531 0.390278
0 0.746875 0.363889 0.745312 0.366667 0.745312 0.369444 0.746875 0.372222 0.746875 0.379167 0.746094 0.380556 0.745312 0.379167 0.745312 0.375 0.742188 0.369444 0.742188 0.368056 0.741406 0.368056 0.740625 0.366667 0.739062 0.366667 0.738281 0.365278 0.738281 0.369444 0.7375 0.370833 0.7375 0.373611 0.736719 0.375 0.729688 0.375 0.728906 0.373611 0.728125 0.373611 0.728125 0.376389 0.727344 0.377778 0.727344 0.383333 0.728125 0.384722 0.728125 0.386111 0.728906 0.3875 0.728906 0.388889 0.729688 0.390278 0.729688 0.393056 0.730469 0.394444 0.730469 0.395833 0.735938 0.405556 0.739062 0.405556 0.739844 0.404167 0.742188 0.404167 0.742188 0.393056 0.742969 0.391667 0.742969 0.386111 0.745312 0.381944 0.746094 0.383333 0.746094 0.384722 0.745312 0.386111 0.745312 0.3875 0.744531 0.388889 0.744531 0.394444 0.745312 0.395833 0.745312 0.397222 0.746094 0.398611 0.747656 0.398611 0.748438 0.4 0.750781 0.4 0.751562 0.398611 0.752344 0.398611 0.753125 0.397222 0.753906 0.397222 0.753906 0.394444 0.754688 0.393056 0.754688 0.391667 0.755469 0.390278 0.755469 0.384722 0.75625 0.383333 0.75625 0.375 0.753906 0.370833 0.753906 0.369444 0.753125 0.368056 0.751562 0.368056 0.750781 0.366667 0.75 0.366667 0.749219 0.365278 0.747656 0.365278
0 0.176562 0.298611 0.175781 0.3 0.175 0.3 0.173438 0.302778 0.173438 0.304167 0.172656 0.305556 0.172656 0.306944 0.173438 0.306944 0.175 0.309722 0.179688 0.309722 0.179688 0.302778 0.178906 0.301389 0.178906 0.3 0.178125 0.3 0.177344 0.298611
0 0.521875 0.216667 0.521094 0.218056 0.520312 0.218056 0.519531 0.219444 0.51875 0.219444 0.517969 0.220833 0.517969 0.222222 0.516406 0.225 0.516406 0.229167 0.517188 0.230556 0.517188 0.231944 0.51875 0.234722 0.51875 0.236111 0.521094 0.240278 0.521094 0.241667 0.521875 0.243056 0.524219 0.243056 0.525 0.244444 0.525781 0.243056 0.526562 0.243056 0.529688 0.2375 0.530469 0.2375 0.530469 0.236111 0.532812 0.231944 0.532812 0.220833 0.532031 0.220833 0.53125 0.222222 0.529688 0.222222 0.528906 0.223611 0.526562 0.223611 0.525781 0.225 0.524219 0.225 0.523438 0.223611 0.523438 0.218056 0.522656 0.216667
0 0.507031 0.215278 0.505469 0.218056 0.505469 0.219444 0.50625 0.220833 0.50625 0.225 0.509375 0.230556 0.509375 0.226389 0.510156 0.225 0.510156 0.222222 0.508594 0.219444 0.508594 0.218056
0 0.270312 0.141667 0.269531 0.143056 0.26875 0.143056 0.269531 0.144444 0.269531 0.145833 0.271094 0.148611 0.271875 0.148611 0.272656 0.15 0.273438 0.148611 0.274219 0.148611 0.274219 0.143056 0.271875 0.143056 0.271094 0.141667
