0 0.250781 0.790278 0.25 0.791667 0.248438 0.791667 0.248438 0.797222 0.247656 0.798611 0.246875 0.798611 0.245312 0.795833 0.245312 0.798611 0.244531 0.8 0.24375 0.8 0.242969 0.801389 0.242969 0.802778 0.245312 0.802778 0.246094 0.804167 0.249219 0.804167 0.250781 0.806944 0.25 0.808333 0.249219 0.808333 0.25 0.809722 0.250781 0.809722 0.251563 0.811111 0.251563 0.819444 0.250781 0.820833 0.250781 0.827778 0.252344 0.830556 0.255469 0.830556 0.257031 0.827778 0.257031 0.825 0.258594 0.822222 0.258594 0.819444 0.257812 0.818056 0.257812 0.815278 0.258594 0.813889 0.260156 0.813889 0.259375 0.813889 0.258594 0.8125 0.257812 0.8125 0.257031 0.813889 0.25625 0.8125 0.25625 0.808333 0.257031 0.806944 0.259375 0.806944 0.260156 0.805556 0.263281 0.805556 0.264062 0.804167 0.264062 0.798611 0.263281 0.797222 0.2625 0.797222 0.261719 0.795833 0.261719 0.793056 0.260938 0.794444 0.258594 0.794444 0.257812 0.793056 0.255469 0.793056 0.254688 0.794444 0.253906 0.793056 0.253906 0.791667 0.253125 0.790278
0 0.492969 0.631944 0.491406 0.634722 0.491406 0.648611 0.492188 0.65 0.49375 0.65 0.494531 0.648611 0.494531 0.638889 0.495312 0.6375 0.496875 0.640278 0.499219 0.640278 0.5 0.638889 0.500781 0.640278 0.503125 0.640278 0.503906 0.638889 0.503906 0.636111 0.502344 0.633333 0.499219 0.633333 0.498438 0.631944 0.496875 0.631944 0.496094 0.633333 0.495312 0.633333 0.494531 0.631944
0 0.555469 0.579167 0.555469 0.581944 0.554688 0.583333 0.553906 0.581944 0.553125 0.581944 0.553125 0.583333 0.553906 0.584722 0.553906 0.586111 0.555469 0.588889 0.555469 0.586111 0.55625 0.584722 0.558594 0.588889 0.558594 0.590278 0.557031 0.593056 0.557812 0.594444 0.557812 0.595833 0.558594 0.595833 0.560156 0.593056 0.561719 0.595833 0.5625 0.595833 0.563281 0.594444 0.564062 0.594444 0.564844 0.593056 0.565625 0.593056 0.565625 0.5875 0.566406 0.586111 0.566406 0.583333 0.5625 0.583333 0.560938 0.580556 0.560156 0.580556 0.559375 0.579167
0 0.589844 0.568056 0.5875 0.572222 0.586719 0.572222 0.585938 0.573611 0.583594 0.573611 0.582812 0.572222 0.582031 0.572222 0.58125 0.573611 0.58125 0.583333 0.582031 0.583333 0.582812 0.584722 0.583594 0.584722 0.584375 0.583333 0.585156 0.583333 0.585938 0.581944 0.588281 0.581944 0.589062 0.580556 0.590625 0.580556 0.592188 0.577778 0.594531 0.577778 0.594531 0.576389 0.59375 0.576389 0.592969 0.577778 0.592188 0.577778 0.591406 0.576389 0.591406 0.575 0.590625 0.576389 0.589844 0.575 0.589844 0.573611 0.590625 0.572222 0.590625 0.568056
0 0.575781 0.554167 0.575781 0.555556 0.576562 0.556944 0.578125 0.556944 0.578125 0.555556 0.577344 0.554167
0 0.558594 0.552778 0.558594 0.558333 0.557812 0.559722 0.557812 0.563889 0.559375 0.566667 0.5625 0.566667 0.563281 0.568056 0.564062 0.568056 0.564844 0.566667 0.567969 0.566667 0.56875 0.568056 0.569531 0.568056 0.570312 0.569444 0.572656 0.569444 0.572656 0.561111 0.571875 0.561111 0.570312 0.558333 0.569531 0.558333 0.56875 0.556944 0.567969 0.556944 0.567188 0.555556 0.565625 0.555556 0.564844 0.556944 0.564062 0.556944 0.563281 0.558333 0.560938 0.554167 0.560938 0.552778
0 0.590625 0.551389 0.5875 0.556944 0.5875 0.558333 0.589844 0.558333 0.590625 0.556944 0.592969 0.556944 0.59375 0.555556 0.594531 0.555556 0.592188 0.555556 0.591406 0.554167 0.591406 0.551389
0 0.567188 0.529167 0.567188 0.530556 0.564844 0.534722 0.564062 0.534722 0.563281 0.536111 0.5625 0.536111 0.564062 0.538889 0.564062 0.540278 0.567188 0.540278 0.567969 0.541667 0.569531 0.541667 0.570312 0.543056 0.574219 0.543056 0.575 0.544444 0.575781 0.544444 0.577344 0.547222 0.578125 0.547222 0.579688 0.55 0.58125 0.55 0.582031 0.551389 0.584375 0.551389 0.585938 0.548611 0.585938 0.544444 0.584375 0.541667 0.583594 0.541667 0.582031 0.538889 0.58125 0.538889 0.580469 0.5375 0.579688 0.5375 0.578906 0.536111 0.576562 0.536111 0.575781 0.534722 0.575 0.534722 0.574219 0.533333 0.573438 0.533333 0.572656 0.531944 0.571094 0.531944 0.570312 0.530556 0.56875 0.530556 0.567969 0.529167
0 0.572656 0.511111 0.572656 0.513889 0.571094 0.516667 0.570312 0.516667 0.570312 0.522222 0.572656 0.522222 0.573438 0.523611 0.575781 0.523611 0.576562 0.525 0.577344 0.525 0.578125 0.526389 0.578906 0.526389 0.579688 0.527778 0.580469 0.527778 0.58125 0.529167 0.582031 0.529167 0.585156 0.534722 0.585938 0.534722 0.589062 0.540278 0.589844 0.538889 0.590625 0.538889 0.590625 0.536111 0.589062 0.536111 0.586719 0.531944 0.5875 0.530556 0.589062 0.530556 0.5875 0.530556 0.585938 0.527778 0.585938 0.526389 0.585156 0.525 0.585156 0.522222 0.584375 0.520833 0.584375 0.518056 0.583594 0.519444 0.582812 0.518056 0.582031 0.519444 0.579688 0.519444 0.578125 0.516667 0.578125 0.513889 0.577344 0.513889 0.575781 0.516667 0.575 0.516667 0.574219 0.515278 0.574219 0.5125 0.573438 0.5125
0 0.036719 0.438889 0.035156 0.441667 0.035156 0.443056 0.034375 0.444444 0.033594 0.444444 0.032812 0.445833 0.032812 0.448611 0.033594 0.45 0.033594 0.451389 0.034375 0.452778 0.0375 0.452778 0.038281 0.454167 0.039844 0.454167 0.040625 0.452778 0.040625 0.444444 0.039844 0.443056 0.039844 0.441667 0.038281 0.438889
0 0.285156 0.430556 0.284375 0.431944 0.284375 0.434722 0.285938 0.4375 0.288281 0.4375 0.289062 0.436111 0.289062 0.433333 0.288281 0.431944 0.2875 0.431944 0.286719 0.430556
0 0.571094 0.3375 0.570312 0.338889 0.570312 0.341667 0.571875 0.344444 0.572656 0.344444 0.574219 0.347222 0.574219 0.348611 0.577344 0.354167 0.579688 0.354167 0.58125 0.351389 0.58125 0.345833 0.580469 0.344444 0.580469 0.343056 0.579688 0.341667 0.578906 0.341667 0.578125 0.340278 0.577344 0.340278 0.576562 0.338889 0.575781 0.338889 0.575 0.3375
