0 0.367188 0.651389 0.365625 0.654167 0.365625 0.656944 0.364844 0.658333 0.364844 0.659722 0.364062 0.661111 0.364062 0.6625 0.367969 0.6625 0.36875 0.661111 0.369531 0.661111 0.369531 0.654167 0.367969 0.651389
0 0.246094 0.645833 0.245312 0.647222 0.244531 0.647222 0.244531 0.652778 0.246875 0.656944 0.246094 0.658333 0.24375 0.658333 0.242188 0.661111 0.241406 0.661111 0.241406 0.6625 0.240625 0.663889 0.242188 0.666667 0.242969 0.666667 0.24375 0.668056 0.246094 0.668056 0.246875 0.666667 0.247656 0.666667 0.247656 0.665278 0.246875 0.663889 0.246875 0.661111 0.246094 0.659722 0.246094 0.658333 0.246875 0.656944 0.247656 0.656944 0.248438 0.658333 0.249219 0.658333 0.249219 0.656944 0.25 0.655556 0.25 0.645833
0 0.235938 0.643056 0.232031 0.65 0.232031 0.655556 0.232812 0.656944 0.233594 0.656944 0.234375 0.658333 0.235156 0.658333 0.235938 0.659722 0.236719 0.659722 0.2375 0.661111 0.238281 0.661111 0.239844 0.658333 0.240625 0.658333 0.241406 0.656944 0.240625 0.655556 0.240625 0.651389 0.238281 0.651389 0.2375 0.65 0.239062 0.647222 0.239062 0.643056
0 0.363281 0.616667 0.363281 0.618056 0.3625 0.619444 0.3625 0.620833 0.360938 0.623611 0.360938 0.625 0.360156 0.626389 0.360156 0.627778 0.359375 0.629167 0.359375 0.638889 0.358594 0.640278 0.358594 0.644444 0.357812 0.645833 0.357812 0.648611 0.355469 0.652778 0.355469 0.654167 0.353125 0.658333 0.353125 0.659722 0.352344 0.661111 0.353125 0.6625 0.353906 0.6625 0.355469 0.665278 0.35625 0.665278 0.359375 0.659722 0.359375 0.658333 0.360938 0.655556 0.360938 0.654167 0.361719 0.652778 0.361719 0.651389 0.3625 0.65 0.363281 0.65 0.364844 0.647222 0.365625 0.647222 0.366406 0.645833 0.36875 0.645833 0.369531 0.644444 0.371094 0.644444 0.371875 0.643056 0.372656 0.643056 0.374219 0.640278 0.375 0.640278 0.375 0.638889 0.375781 0.6375 0.375781 0.634722 0.376562 0.633333 0.376562 0.631944 0.373438 0.626389 0.370312 0.626389 0.369531 0.625 0.369531 0.623611 0.367969 0.620833 0.367969 0.619444 0.367188 0.618056 0.365625 0.618056 0.364844 0.616667
0 0.290625 0.575 0.290625 0.576389 0.291406 0.577778 0.292188 0.577778 0.294531 0.581944 0.295312 0.581944 0.296094 0.583333 0.297656 0.583333 0.298438 0.581944 0.298438 0.580556 0.299219 0.579167 0.297656 0.576389 0.296875 0.576389 0.296094 0.575
0 0.303906 0.566667 0.303125 0.568056 0.303125 0.569444 0.302344 0.570833 0.302344 0.573611 0.303125 0.575 0.303125 0.577778 0.303906 0.579167 0.303906 0.580556 0.310156 0.580556 0.310156 0.572222 0.307812 0.568056 0.305469 0.568056 0.304688 0.566667
0 0.585156 0.561111 0.584375 0.5625 0.583594 0.5625 0.582812 0.563889 0.582031 0.563889 0.582031 0.566667 0.58125 0.568056 0.58125 0.572222 0.582031 0.573611 0.582031 0.575 0.582812 0.576389 0.590625 0.576389 0.590625 0.575 0.592188 0.572222 0.591406 0.572222 0.589062 0.568056 0.588281 0.568056 0.5875 0.566667 0.5875 0.565278 0.585938 0.5625 0.585938 0.561111
0 0.349219 0.543056 0.349219 0.545833 0.350781 0.548611 0.353125 0.548611 0.353906 0.547222 0.353906 0.545833 0.352344 0.543056
0 0.570312 0.519444 0.569531 0.520833 0.567188 0.520833 0.566406 0.522222 0.565625 0.522222 0.565625 0.523611 0.564844 0.525 0.564844 0.526389 0.564062 0.527778 0.564062 0.530556 0.560938 0.536111 0.560938 0.5375 0.561719 0.5375 0.5625 0.538889 0.563281 0.538889 0.564062 0.540278 0.564844 0.540278 0.565625 0.541667 0.566406 0.541667 0.567188 0.543056 0.56875 0.543056 0.569531 0.541667 0.569531 0.540278 0.571875 0.536111 0.571875 0.534722 0.572656 0.533333 0.572656 0.530556 0.573438 0.529167 0.573438 0.526389 0.571094 0.522222 0.571094 0.520833
0 0.480469 0.505556 0.479688 0.506944 0.478906 0.506944 0.478125 0.508333 0.478125 0.518056 0.478906 0.519444 0.478906 0.522222 0.479688 0.523611 0.479688 0.526389 0.480469 0.527778 0.480469 0.529167 0.48125 0.529167 0.482031 0.530556 0.482812 0.530556 0.484375 0.533333 0.484375 0.536111 0.485156 0.5375 0.485156 0.538889 0.485938 0.540278 0.485938 0.541667 0.490625 0.541667 0.491406 0.540278 0.491406 0.536111 0.492188 0.534722 0.492188 0.531944 0.492969 0.530556 0.492969 0.529167 0.49375 0.527778 0.49375 0.525 0.492969 0.523611 0.492969 0.520833 0.492188 0.519444 0.492188 0.518056 0.491406 0.518056 0.490625 0.516667 0.489844 0.516667 0.488281 0.513889 0.4875 0.513889 0.485156 0.509722 0.484375 0.509722 0.482031 0.505556
0 0.5375 0.486111 0.5375 0.490278 0.538281 0.491667 0.538281 0.493056 0.539844 0.495833 0.539844 0.497222 0.540625 0.498611 0.540625 0.5 0.541406 0.501389 0.541406 0.5 0.542969 0.497222 0.542188 0.495833 0.542188 0.494444 0.541406 0.493056 0.541406 0.491667 0.539844 0.488889 0.539062 0.488889
0 0.629688 0.456944 0.629688 0.461111 0.628125 0.463889 0.627344 0.463889 0.626562 0.465278 0.625 0.465278 0.626562 0.468056 0.626562 0.469444 0.627344 0.470833 0.628906 0.470833 0.629688 0.469444 0.632812 0.469444 0.632812 0.465278 0.633594 0.463889 0.633594 0.461111 0.632812 0.459722 0.632031 0.459722 0.63125 0.458333 0.630469 0.458333
0 0.616406 0.448611 0.615625 0.45 0.615625 0.463889 0.617969 0.468056 0.61875 0.468056 0.620312 0.470833 0.620312 0.469444 0.621094 0.468056 0.621094 0.466667 0.621875 0.465278 0.621875 0.463889 0.622656 0.4625 0.622656 0.461111 0.623438 0.459722 0.623438 0.458333 0.624219 0.456944 0.624219 0.455556 0.623438 0.454167 0.623438 0.452778 0.622656 0.451389 0.621875 0.451389 0.621094 0.45 0.619531 0.45 0.61875 0.448611
0 0.415625 0.4125 0.415625 0.413889 0.414062 0.416667 0.414062 0.418056 0.413281 0.419444 0.413281 0.420833 0.4125 0.422222 0.4125 0.423611 0.411719 0.425 0.411719 0.426389 0.409375 0.430556 0.408594 0.430556 0.407812 0.431944 0.407812 0.433333 0.408594 0.433333 0.410156 0.436111 0.410938 0.436111 0.411719 0.4375 0.4125 0.4375 0.413281 0.438889 0.417188 0.438889 0.417969 0.440278 0.41875 0.438889 0.41875 0.4375 0.419531 0.436111 0.419531 0.433333 0.424219 0.425 0.424219 0.422222 0.423438 0.420833 0.423438 0.419444 0.422656 0.418056 0.422656 0.416667 0.420312 0.4125
0 0.602344 0.402778 0.599219 0.408333 0.599219 0.413889 0.600781 0.416667 0.601562 0.416667 0.603125 0.419444 0.603906 0.418056 0.60625 0.418056 0.60625 0.416667 0.605469 0.415278 0.60625 0.413889 0.60625 0.4125 0.607031 0.411111 0.607031 0.409722 0.608594 0.406944 0.607812 0.405556 0.60625 0.405556 0.605469 0.404167 0.604688 0.404167 0.603906 0.402778
0 0.279688 0.329167 0.278125 0.331944 0.277344 0.331944 0.275781 0.334722 0.274219 0.334722 0.273438 0.336111 0.271875 0.336111 0.267969 0.343056 0.267969 0.344444 0.26875 0.344444 0.269531 0.345833 0.270312 0.345833 0.271875 0.348611 0.273438 0.345833 0.274219 0.345833 0.275781 0.343056 0.276562 0.343056 0.278906 0.338889 0.278906 0.333333 0.279688 0.331944
