0 0.513281 0.897222 0.513281 0.908333 0.514062 0.909722 0.514062 0.911111 0.514844 0.911111 0.515625 0.909722 0.515625 0.908333 0.517188 0.905556 0.517188 0.897222
0 0.002344 0.613889 0.002344 0.616667 0.001562 0.618056 0.001562 0.622222 0.000781 0.623611 0.001562 0.623611 0.003125 0.626389 0.004688 0.626389 0.005469 0.625 0.005469 0.623611 0.007031 0.620833 0.007031 0.613889
0 0.485938 0.6 0.485156 0.601389 0.484375 0.601389 0.483594 0.602778 0.482812 0.602778 0.480469 0.606944 0.479688 0.606944 0.478906 0.608333 0.478125 0.608333 0.476562 0.611111 0.475781 0.611111 0.473438 0.615278 0.473438 0.619444 0.474219 0.620833 0.474219 0.631944 0.475 0.633333 0.475 0.636111 0.475781 0.6375 0.475781 0.638889 0.477344 0.638889 0.478125 0.6375 0.478125 0.636111 0.478906 0.634722 0.478906 0.633333 0.480469 0.630556 0.48125 0.630556 0.482031 0.631944 0.482812 0.631944 0.483594 0.633333 0.485938 0.633333 0.486719 0.631944 0.4875 0.631944 0.4875 0.629167 0.488281 0.627778 0.488281 0.625 0.489062 0.623611 0.489062 0.615278 0.488281 0.613889 0.488281 0.604167 0.4875 0.602778 0.4875 0.6
0 0.248438 0.556944 0.247656 0.558333 0.246094 0.558333 0.246094 0.559722 0.246875 0.561111 0.246875 0.5625 0.246094 0.563889 0.239844 0.563889 0.238281 0.566667 0.238281 0.579167 0.241406 0.584722 0.245312 0.584722 0.246094 0.583333 0.248438 0.583333 0.251563 0.577778 0.251563 0.576389 0.252344 0.575 0.252344 0.565278 0.251563 0.563889 0.251563 0.559722 0.250781 0.559722 0.25 0.558333 0.249219 0.558333
0 0.271094 0.555556 0.26875 0.559722 0.267969 0.559722 0.26875 0.561111 0.26875 0.566667 0.269531 0.568056 0.269531 0.572222 0.270312 0.573611 0.270312 0.579167 0.271094 0.580556 0.271094 0.581944 0.271875 0.583333 0.271875 0.584722 0.272656 0.583333 0.273438 0.583333 0.274219 0.581944 0.275 0.581944 0.275 0.577778 0.275781 0.576389 0.275781 0.572222 0.275 0.570833 0.275 0.569444 0.274219 0.568056 0.274219 0.566667 0.273438 0.565278 0.273438 0.561111 0.272656 0.559722 0.272656 0.558333
0 0.553906 0.551389 0.550781 0.556944 0.55 0.556944 0.55 0.559722 0.549219 0.561111 0.549219 0.563889 0.548438 0.565278 0.548438 0.576389 0.55 0.576389 0.550781 0.577778 0.555469 0.577778 0.55625 0.576389 0.557812 0.576389 0.5625 0.568056 0.5625 0.559722 0.559375 0.554167 0.557812 0.554167 0.557031 0.552778 0.554688 0.552778
0 0.240625 0.531944 0.239844 0.533333 0.238281 0.533333 0.238281 0.5375 0.239062 0.5375 0.240625 0.540278 0.246875 0.540278 0.248438 0.5375 0.249219 0.5375 0.248438 0.536111 0.248438 0.533333 0.247656 0.531944
0 0.239844 0.515278 0.239062 0.516667 0.238281 0.516667 0.2375 0.518056 0.235938 0.518056 0.235938 0.523611 0.236719 0.523611 0.2375 0.525 0.239844 0.525 0.240625 0.526389 0.241406 0.526389 0.242188 0.525 0.244531 0.525 0.245312 0.523611 0.246094 0.523611 0.246094 0.519444 0.245312 0.518056 0.245312 0.516667 0.24375 0.516667 0.242969 0.515278
0 0.333594 0.488889 0.333594 0.490278 0.33125 0.494444 0.330469 0.494444 0.329688 0.495833 0.330469 0.497222 0.330469 0.504167 0.33125 0.505556 0.33125 0.506944 0.332031 0.508333 0.332812 0.508333 0.333594 0.506944 0.333594 0.505556 0.334375 0.504167 0.334375 0.501389 0.335156 0.5 0.335156 0.497222 0.335938 0.495833 0.335938 0.493056 0.336719 0.491667 0.336719 0.488889
0 0.439062 0.475 0.438281 0.476389 0.4375 0.476389 0.436719 0.477778 0.435938 0.477778 0.434375 0.480556 0.433594 0.480556 0.433594 0.484722 0.432812 0.486111 0.432812 0.488889 0.432031 0.490278 0.432031 0.491667 0.432812 0.493056 0.432812 0.494444 0.433594 0.495833 0.433594 0.502778 0.434375 0.504167 0.434375 0.5125 0.435156 0.513889 0.435156 0.516667 0.435938 0.518056 0.435938 0.519444 0.436719 0.520833 0.436719 0.523611 0.438281 0.523611 0.439062 0.525 0.439844 0.525 0.439844 0.520833 0.440625 0.519444 0.440625 0.515278 0.442188 0.5125 0.442188 0.511111 0.442969 0.509722 0.442969 0.508333 0.444531 0.505556 0.446094 0.505556 0.446875 0.506944 0.448438 0.506944 0.45 0.509722 0.45 0.511111 0.450781 0.5125 0.450781 0.513889 0.452344 0.516667 0.452344 0.522222 0.453125 0.523611 0.453125 0.526389 0.453906 0.526389 0.454688 0.527778 0.45625 0.527778 0.459375 0.533333 0.459375 0.520833 0.460156 0.519444 0.460156 0.516667 0.460938 0.515278 0.460938 0.513889 0.461719 0.5125 0.460938 0.511111 0.460938 0.508333 0.460156 0.506944 0.460156 0.505556 0.457031 0.5 0.457031 0.4875 0.453125 0.4875 0.452344 0.488889 0.451562 0.488889 0.450781 0.490278 0.450781 0.493056 0.45 0.494444 0.448438 0.491667 0.448438 0.490278 0.446875 0.4875 0.446094 0.4875
0 0.105469 0.469444 0.104688 0.470833 0.102344 0.470833 0.101562 0.472222 0.100781 0.472222 0.100781 0.477778 0.102344 0.477778 0.103125 0.479167 0.104688 0.479167 0.107031 0.475 0.107031 0.469444
0 0.555469 0.352778 0.554688 0.354167 0.552344 0.354167 0.552344 0.355556 0.551562 0.356944 0.551562 0.359722 0.550781 0.361111 0.553125 0.365278 0.557812 0.365278 0.560156 0.361111 0.560938 0.361111 0.561719 0.359722 0.561719 0.358333 0.560938 0.356944 0.560938 0.354167 0.557031 0.354167 0.55625 0.352778
0 0.660156 0.272222 0.657812 0.276389 0.657812 0.277778 0.661719 0.284722 0.661719 0.286111 0.6625 0.2875 0.6625 0.290278 0.663281 0.291667 0.663281 0.295833 0.664062 0.297222 0.665625 0.297222 0.666406 0.298611 0.667188 0.298611 0.667188 0.297222 0.667969 0.295833 0.667969 0.293056 0.66875 0.291667 0.66875 0.288889 0.669531 0.2875 0.669531 0.281944 0.66875 0.280556 0.66875 0.279167 0.667969 0.277778 0.666406 0.277778 0.665625 0.279167 0.664844 0.277778 0.664062 0.277778 0.663281 0.276389 0.6625 0.276389 0.660938 0.273611 0.660938 0.272222
0 0.664062 0.251389 0.663281 0.252778 0.6625 0.252778 0.661719 0.254167 0.660938 0.254167 0.661719 0.255556 0.661719 0.256944 0.6625 0.258333 0.663281 0.258333 0.664062 0.259722 0.670312 0.259722 0.671094 0.258333 0.673438 0.258333 0.674219 0.256944 0.674219 0.255556 0.675 0.254167 0.674219 0.254167 0.673438 0.252778 0.669531 0.252778 0.66875 0.251389
0 0.671875 0.236111 0.671094 0.2375 0.664844 0.2375 0.670312 0.247222 0.671875 0.247222 0.672656 0.248611 0.675 0.248611 0.675781 0.25 0.676562 0.25 0.676562 0.248611 0.678125 0.245833 0.678125 0.244444 0.678906 0.243056 0.678906 0.241667 0.678125 0.241667 0.676562 0.238889 0.675781 0.238889 0.674219 0.236111
