0 0.740625 0.911111 0.740625 0.918056 0.741406 0.919444 0.741406 0.922222 0.742188 0.923611 0.742188 0.925 0.742969 0.926389 0.746875 0.926389 0.746875 0.922222 0.746094 0.922222 0.744531 0.919444 0.744531 0.913889 0.74375 0.9125 0.742969 0.9125 0.742188 0.911111
0 0.753125 0.891667 0.753125 0.893056 0.752344 0.894444 0.752344 0.9 0.753125 0.901389 0.753125 0.904167 0.754688 0.906944 0.755469 0.906944 0.757812 0.911111 0.759375 0.911111 0.759375 0.904167 0.758594 0.902778 0.758594 0.9 0.755469 0.9 0.753906 0.897222 0.754688 0.895833 0.754688 0.891667
0 0.223438 0.891667 0.222656 0.893056 0.221875 0.893056 0.221875 0.895833 0.221094 0.897222 0.221875 0.898611 0.221875 0.9 0.222656 0.901389 0.222656 0.904167 0.223438 0.905556 0.223438 0.9125 0.224219 0.913889 0.224219 0.915278 0.226562 0.919444 0.227344 0.919444 0.228125 0.920833 0.228906 0.920833 0.229688 0.922222 0.230469 0.922222 0.23125 0.923611 0.232031 0.923611 0.232812 0.925 0.233594 0.925 0.234375 0.923611 0.235156 0.923611 0.236719 0.920833 0.2375 0.920833 0.238281 0.919444 0.238281 0.916667 0.239062 0.915278 0.238281 0.913889 0.238281 0.9125 0.235938 0.9125 0.235156 0.913889 0.233594 0.911111 0.233594 0.909722 0.232812 0.908333 0.234375 0.905556 0.235938 0.905556 0.236719 0.906944 0.236719 0.908333 0.2375 0.906944 0.235938 0.904167 0.235938 0.9 0.235156 0.898611 0.234375 0.898611 0.232812 0.895833 0.232812 0.894444 0.232031 0.893056 0.230469 0.893056 0.229688 0.891667
0 0.241406 0.877778 0.240625 0.879167 0.239844 0.879167 0.238281 0.881944 0.238281 0.883333 0.239844 0.883333 0.241406 0.880556 0.242188 0.881944 0.242188 0.883333 0.239844 0.8875 0.239844 0.890278 0.240625 0.888889 0.244531 0.888889 0.245312 0.8875 0.246094 0.8875 0.246094 0.881944 0.246094 0.884722 0.245312 0.886111 0.244531 0.884722 0.244531 0.879167 0.242969 0.879167 0.242188 0.877778
0 0.2375 0.875 0.2375 0.879167 0.239062 0.876389 0.239844 0.876389 0.239844 0.875
0 0.910156 0.829167 0.909375 0.830556 0.909375 0.833333 0.910156 0.834722 0.909375 0.836111 0.910156 0.836111 0.911719 0.838889 0.911719 0.840278 0.914062 0.840278 0.914844 0.838889 0.917969 0.838889 0.917969 0.8375 0.91875 0.836111 0.91875 0.831944 0.915625 0.831944 0.914844 0.833333 0.913281 0.830556 0.913281 0.829167
0 0.903125 0.809722 0.902344 0.811111 0.902344 0.8125 0.903125 0.813889 0.903125 0.816667 0.903906 0.818056 0.903906 0.819444 0.904688 0.820833 0.907812 0.820833 0.907812 0.815278 0.907031 0.815278 0.90625 0.813889 0.907031 0.8125 0.907031 0.811111 0.90625 0.809722
0 0.903125 0.754167 0.902344 0.755556 0.903125 0.756944 0.903125 0.758333 0.904688 0.761111 0.904688 0.7625 0.907812 0.7625 0.907812 0.761111 0.907031 0.759722 0.907812 0.758333 0.907812 0.756944 0.907031 0.756944 0.90625 0.755556 0.90625 0.754167
0 0.690625 0.684722 0.688281 0.688889 0.688281 0.693056 0.689844 0.695833 0.691406 0.695833 0.69375 0.691667 0.69375 0.6875 0.692188 0.684722
0 0.582812 0.630556 0.582031 0.631944 0.58125 0.631944 0.582031 0.633333 0.582031 0.636111 0.58125 0.6375 0.58125 0.638889 0.582031 0.640278 0.582812 0.640278 0.583594 0.641667 0.583594 0.638889 0.584375 0.6375 0.585156 0.638889 0.586719 0.638889 0.5875 0.640278 0.5875 0.641667 0.589062 0.644444 0.588281 0.645833 0.5875 0.645833 0.589844 0.65 0.591406 0.65 0.592188 0.648611 0.592188 0.645833 0.591406 0.644444 0.59375 0.640278 0.59375 0.638889 0.5875 0.638889 0.586719 0.6375 0.5875 0.636111 0.588281 0.636111 0.588281 0.634722 0.589062 0.633333 0.591406 0.633333 0.592188 0.634722 0.592969 0.634722 0.59375 0.636111 0.594531 0.636111 0.594531 0.634722 0.595312 0.633333 0.594531 0.631944 0.59375 0.631944 0.592969 0.633333 0.592188 0.633333 0.591406 0.631944 0.5875 0.631944 0.5875 0.633333 0.585938 0.636111 0.584375 0.633333 0.584375 0.631944 0.583594 0.630556
0 0.474219 0.625 0.472656 0.627778 0.472656 0.631944 0.471875 0.633333 0.469531 0.629167 0.467969 0.629167 0.4625 0.638889 0.4625 0.644444 0.461719 0.645833 0.461719 0.65 0.464062 0.654167 0.464844 0.654167 0.467188 0.658333 0.46875 0.658333 0.470312 0.655556 0.470312 0.648611 0.472656 0.644444 0.473438 0.645833 0.475781 0.645833 0.476562 0.644444 0.478125 0.644444 0.479688 0.641667 0.479688 0.634722 0.478125 0.631944 0.478125 0.630556 0.477344 0.629167 0.477344 0.627778 0.475781 0.625
0 0.385156 0.622222 0.384375 0.623611 0.384375 0.626389 0.385156 0.627778 0.386719 0.627778 0.3875 0.629167 0.3875 0.623611 0.386719 0.622222
0 0.407031 0.605556 0.405469 0.608333 0.405469 0.613889 0.40625 0.615278 0.408594 0.615278 0.410156 0.618056 0.410156 0.616667 0.410938 0.615278 0.414062 0.615278 0.414844 0.616667 0.415625 0.616667 0.416406 0.618056 0.416406 0.613889 0.415625 0.6125 0.415625 0.609722 0.414844 0.608333 0.414844 0.606944 0.414062 0.605556 0.4125 0.605556 0.413281 0.606944 0.413281 0.611111 0.4125 0.6125 0.411719 0.611111 0.410938 0.6125 0.410156 0.6125 0.408594 0.609722 0.408594 0.608333
0 0.910938 0.552778 0.908594 0.556944 0.907812 0.556944 0.907031 0.558333 0.904688 0.558333 0.904688 0.559722 0.903125 0.5625 0.903125 0.565278 0.903906 0.563889 0.905469 0.563889 0.90625 0.565278 0.905469 0.566667 0.904688 0.566667 0.905469 0.566667 0.907031 0.569444 0.907031 0.573611 0.90625 0.575 0.90625 0.576389 0.907031 0.576389 0.907031 0.575 0.907812 0.573611 0.908594 0.575 0.910156 0.575 0.911719 0.572222 0.913281 0.572222 0.914062 0.570833 0.914844 0.570833 0.915625 0.569444 0.915625 0.566667 0.914062 0.566667 0.9125 0.563889 0.913281 0.5625 0.914062 0.5625 0.914062 0.561111 0.914844 0.559722 0.914844 0.558333 0.914062 0.556944 0.914062 0.555556 0.913281 0.555556 0.911719 0.552778
0 0.597656 0.519444 0.595312 0.523611 0.595312 0.530556 0.596875 0.533333 0.597656 0.533333 0.598438 0.534722 0.599219 0.533333 0.602344 0.533333 0.603125 0.531944 0.603906 0.531944 0.603906 0.530556 0.60625 0.526389 0.60625 0.523611 0.605469 0.523611 0.604688 0.522222 0.603125 0.522222 0.602344 0.520833 0.600781 0.520833 0.6 0.519444
0 0.46875 0.479167 0.46875 0.480556 0.467969 0.481944 0.467188 0.481944 0.465625 0.484722 0.464844 0.484722 0.465625 0.486111 0.465625 0.4875 0.466406 0.488889 0.467188 0.488889 0.467969 0.490278 0.467969 0.491667 0.46875 0.493056 0.46875 0.494444 0.469531 0.494444 0.470312 0.495833 0.470312 0.497222 0.471875 0.5 0.471875 0.501389 0.472656 0.502778 0.472656 0.504167 0.474219 0.506944 0.474219 0.511111 0.475 0.509722 0.475 0.506944 0.474219 0.505556 0.475781 0.502778 0.475781 0.501389 0.476562 0.5 0.476562 0.498611 0.477344 0.497222 0.478125 0.497222 0.478125 0.494444 0.476562 0.491667 0.475781 0.491667 0.475 0.490278 0.475 0.488889 0.474219 0.4875 0.474219 0.486111 0.473438 0.486111 0.472656 0.484722 0.471875 0.484722 0.471094 0.483333 0.469531 0.483333 0.46875 0.481944 0.469531 0.480556 0.471094 0.480556 0.471094 0.479167
0 0.478125 0.459722 0.477344 0.461111 0.477344 0.4625 0.478125 0.4625 0.480469 0.466667 0.479688 0.468056 0.478125 0.468056 0.477344 0.466667 0.477344 0.465278 0.476562 0.465278 0.475781 0.463889 0.475 0.463889 0.475 0.465278 0.474219 0.466667 0.474219 0.469444 0.476562 0.469444 0.477344 0.470833 0.476562 0.472222 0.478125 0.472222 0.478125 0.469444 0.478906 0.468056 0.479688 0.469444 0.479688 0.468056 0.480469 0.466667 0.482031 0.466667 0.482031 0.465278 0.479688 0.461111 0.478906 0.461111
0 0.55625 0.445833 0.55625 0.448611 0.555469 0.45 0.554688 0.448611 0.554688 0.447222 0.554688 0.448611 0.553906 0.45 0.553125 0.45 0.553125 0.454167 0.554688 0.454167 0.555469 0.455556 0.555469 0.456944 0.557031 0.459722 0.559375 0.459722 0.559375 0.458333 0.560156 0.456944 0.560156 0.454167 0.560938 0.452778 0.561719 0.452778 0.561719 0.451389 0.5625 0.45 0.5625 0.448611 0.561719 0.447222 0.560938 0.447222 0.560156 0.445833 0.559375 0.445833 0.558594 0.447222 0.557031 0.447222
0 0.526562 0.430556 0.524219 0.434722 0.523438 0.434722 0.522656 0.436111 0.522656 0.4375 0.521875 0.438889 0.522656 0.440278 0.522656 0.441667 0.523438 0.443056 0.523438 0.445833 0.524219 0.447222 0.524219 0.448611 0.525 0.448611 0.525781 0.447222 0.526562 0.447222 0.525781 0.447222 0.525 0.445833 0.525781 0.444444 0.527344 0.444444 0.526562 0.443056 0.526562 0.441667 0.527344 0.440278 0.527344 0.438889 0.528125 0.4375 0.528906 0.4375 0.528906 0.430556
0 0.291406 0.423611 0.291406 0.431944 0.290625 0.433333 0.289844 0.431944 0.289844 0.430556 0.288281 0.430556 0.288281 0.431944 0.2875 0.433333 0.2875 0.440278 0.288281 0.441667 0.288281 0.443056 0.289062 0.444444 0.289844 0.444444 0.291406 0.447222 0.29375 0.447222 0.29375 0.443056 0.294531 0.441667 0.296094 0.444444 0.296094 0.445833 0.296875 0.447222 0.298438 0.447222 0.298438 0.434722 0.297656 0.433333 0.297656 0.430556 0.296094 0.427778 0.296094 0.426389 0.294531 0.423611
0 0.09375 0.395833 0.092188 0.398611 0.092188 0.401389 0.09375 0.404167 0.095312 0.404167 0.096875 0.401389 0.096875 0.398611 0.095312 0.395833
0 0.624219 0.3625 0.623438 0.363889 0.621875 0.363889 0.621875 0.366667 0.622656 0.368056 0.622656 0.369444 0.621875 0.370833 0.620312 0.370833 0.619531 0.369444 0.619531 0.368056 0.617969 0.368056 0.617188 0.369444 0.617188 0.373611 0.617969 0.375 0.61875 0.375 0.619531 0.376389 0.619531 0.377778 0.61875 0.379167 0.617188 0.379167 0.616406 0.377778 0.611719 0.377778 0.611719 0.380556 0.613281 0.383333 0.6125 0.384722 0.6125 0.3875 0.614844 0.3875 0.615625 0.386111 0.616406 0.386111 0.617188 0.3875 0.617188 0.390278 0.617969 0.391667 0.61875 0.391667 0.619531 0.390278 0.620312 0.390278 0.621094 0.388889 0.621094 0.3875 0.621875 0.386111 0.622656 0.386111 0.623438 0.384722 0.625781 0.384722 0.626562 0.386111 0.626562 0.381944 0.625 0.379167 0.625 0.377778 0.625781 0.376389 0.626562 0.376389 0.627344 0.377778 0.628906 0.377778 0.629688 0.376389 0.629688 0.375 0.630469 0.373611 0.630469 0.370833 0.629688 0.370833 0.628906 0.369444 0.627344 0.369444 0.626562 0.368056 0.627344 0.366667 0.627344 0.363889 0.626562 0.363889 0.625781 0.3625
0 0.301562 0.325 0.301562 0.326389 0.300781 0.327778 0.300781 0.329167 0.301562 0.330556 0.301562 0.334722 0.302344 0.336111 0.301562 0.3375 0.300781 0.3375 0.3 0.338889 0.3 0.341667 0.299219 0.343056 0.299219 0.344444 0.300781 0.347222 0.300781 0.348611 0.3 0.35 0.299219 0.35 0.298438 0.351389 0.298438 0.352778 0.299219 0.354167 0.3 0.354167 0.301562 0.356944 0.303125 0.356944 0.304688 0.354167 0.304688 0.348611 0.305469 0.347222 0.305469 0.345833 0.30625 0.344444 0.305469 0.343056 0.305469 0.341667 0.30625 0.340278 0.307031 0.340278 0.308594 0.3375 0.308594 0.333333 0.307812 0.331944 0.307812 0.330556 0.307031 0.329167 0.307031 0.325
0 0.096094 0.323611 0.094531 0.326389 0.094531 0.329167 0.096094 0.331944 0.097656 0.331944 0.099219 0.329167 0.099219 0.326389 0.097656 0.323611
0 0.102344 0.322222 0.100781 0.325 0.100781 0.327778 0.102344 0.330556 0.104688 0.330556 0.10625 0.327778 0.10625 0.325 0.104688 0.322222
0 0.091406 0.316667 0.089844 0.319444 0.089844 0.322222 0.091406 0.325 0.092969 0.325 0.094531 0.322222 0.094531 0.319444 0.092969 0.316667
0 0.482812 0.272222 0.482812 0.273611 0.48125 0.276389 0.480469 0.276389 0.479688 0.275 0.478906 0.275 0.476562 0.279167 0.475781 0.279167 0.475 0.277778 0.475 0.275 0.471875 0.275 0.471875 0.276389 0.472656 0.277778 0.472656 0.279167 0.473438 0.280556 0.474219 0.280556 0.475 0.281944 0.475 0.283333 0.475781 0.284722 0.478125 0.284722 0.478906 0.286111 0.478125 0.2875 0.478125 0.288889 0.479688 0.291667 0.48125 0.291667 0.482812 0.288889 0.482812 0.2875 0.485156 0.283333 0.486719 0.283333 0.486719 0.277778 0.485938 0.276389 0.486719 0.275 0.4875 0.275 0.486719 0.273611 0.486719 0.272222
0 0.515625 0.2625 0.514844 0.263889 0.514844 0.270833 0.515625 0.272222 0.516406 0.272222 0.517188 0.270833 0.517188 0.265278 0.516406 0.263889 0.516406 0.2625
0 0.919531 0.216667 0.917969 0.219444 0.917969 0.220833 0.921094 0.220833 0.921094 0.219444 0.921875 0.218056 0.921875 0.216667
0 0.24375 0.215278 0.242969 0.216667 0.241406 0.216667 0.242188 0.218056 0.242969 0.218056 0.24375 0.219444 0.242969 0.220833 0.241406 0.220833 0.241406 0.222222 0.242188 0.223611 0.242969 0.222222 0.24375 0.223611 0.244531 0.222222 0.244531 0.220833 0.245312 0.219444 0.245312 0.216667 0.244531 0.216667
0 0.896094 0.198611 0.896875 0.2 0.896094 0.201389 0.895312 0.201389 0.895312 0.202778 0.896094 0.204167 0.896094 0.206944 0.896875 0.208333 0.898438 0.205556 0.897656 0.204167 0.897656 0.2 0.896875 0.198611
0 0.903906 0.186111 0.903125 0.1875 0.903125 0.198611 0.901562 0.201389 0.901562 0.202778 0.902344 0.202778 0.903906 0.2 0.905469 0.2 0.907031 0.197222 0.907031 0.190278 0.90625 0.188889 0.90625 0.1875 0.905469 0.186111
0 0.421875 0.151389 0.421875 0.152778 0.421094 0.154167 0.420312 0.154167 0.421094 0.155556 0.421094 0.159722 0.420312 0.161111 0.421094 0.161111 0.423438 0.165278 0.423438 0.168056 0.425 0.168056 0.425 0.166667 0.425781 0.165278 0.425 0.163889 0.425 0.1625 0.425781 0.161111 0.425781 0.154167 0.425 0.152778 0.424219 0.152778 0.423438 0.151389
0 0.417969 0.147222 0.416406 0.15 0.414062 0.15 0.414844 0.151389 0.414062 0.152778 0.4125 0.152778 0.413281 0.154167 0.413281 0.158333 0.4125 0.159722 0.4125 0.165278 0.416406 0.165278 0.416406 0.161111 0.417188 0.159722 0.417969 0.159722 0.417969 0.158333 0.41875 0.156944 0.417969 0.155556 0.417969 0.154167 0.41875 0.152778 0.41875 0.15 0.417969 0.148611
0 0.721875 0.145833 0.720312 0.148611 0.720312 0.151389 0.721875 0.154167 0.723438 0.154167 0.725 0.151389 0.725 0.148611 0.723438 0.145833
0 0.932812 0.127778 0.93125 0.130556 0.93125 0.131944 0.932031 0.133333 0.933594 0.133333 0.934375 0.131944 0.936719 0.131944 0.9375 0.130556 0.935938 0.127778
0 0.035156 0.102778 0.033594 0.105556 0.033594 0.108333 0.035156 0.111111 0.036719 0.111111 0.038281 0.108333 0.038281 0.105556 0.036719 0.102778
0 0.032031 0.091667 0.030469 0.094444 0.030469 0.097222 0.032031 0.1 0.033594 0.1 0.035156 0.097222 0.035156 0.094444 0.033594 0.091667
0 0.297656 0.059722 0.296875 0.061111 0.296875 0.065278 0.298438 0.068056 0.3 0.065278 0.3 0.059722
0 0.878125 0.027778 0.878125 0.030556 0.878906 0.030556 0.880469 0.033333 0.884375 0.033333 0.885156 0.031944 0.885938 0.031944 0.884375 0.031944 0.883594 0.030556 0.88125 0.030556 0.879688 0.027778
