0 0.560156 0.913889 0.559375 0.915278 0.559375 0.916667 0.558594 0.918056 0.558594 0.919444 0.557812 0.920833 0.558594 0.922222 0.560156 0.922222 0.560938 0.923611 0.5625 0.923611 0.5625 0.922222 0.563281 0.920833 0.563281 0.916667 0.5625 0.915278 0.5625 0.913889
0 0.542969 0.8625 0.542969 0.863889 0.542188 0.865278 0.542188 0.866667 0.541406 0.868056 0.541406 0.870833 0.540625 0.872222 0.540625 0.873611 0.539844 0.875 0.539844 0.876389 0.540625 0.876389 0.541406 0.877778 0.542188 0.877778 0.54375 0.880556 0.544531 0.880556 0.546094 0.883333 0.546875 0.883333 0.547656 0.884722 0.548438 0.884722 0.548438 0.883333 0.549219 0.881944 0.549219 0.880556 0.55 0.879167 0.55 0.876389 0.550781 0.875 0.550781 0.873611 0.546094 0.865278 0.545312 0.865278 0.54375 0.8625
0 0.655469 0.852778 0.653906 0.855556 0.653125 0.855556 0.651562 0.858333 0.650781 0.858333 0.65 0.859722 0.65 0.865278 0.649219 0.866667 0.649219 0.877778 0.648438 0.879167 0.648438 0.881944 0.650781 0.881944 0.651562 0.880556 0.653906 0.880556 0.654688 0.879167 0.657812 0.879167 0.659375 0.876389 0.659375 0.875 0.660156 0.873611 0.660156 0.872222 0.660938 0.870833 0.660938 0.869444 0.661719 0.868056 0.661719 0.866667 0.6625 0.865278 0.6625 0.863889 0.657812 0.855556 0.657812 0.854167 0.657031 0.852778
0 0.353906 0.852778 0.35 0.859722 0.354688 0.868056 0.35625 0.868056 0.357031 0.866667 0.357812 0.866667 0.358594 0.865278 0.360156 0.865278 0.360938 0.863889 0.360156 0.8625 0.360156 0.861111 0.358594 0.858333 0.358594 0.856944 0.357031 0.854167 0.355469 0.854167 0.354688 0.852778
0 0.65 0.781944 0.649219 0.783333 0.648438 0.783333 0.647656 0.784722 0.646875 0.784722 0.646875 0.786111 0.646094 0.7875 0.646094 0.788889 0.645312 0.790278 0.645312 0.791667 0.644531 0.793056 0.644531 0.794444 0.64375 0.795833 0.64375 0.804167 0.644531 0.805556 0.644531 0.811111 0.645312 0.811111 0.646875 0.813889 0.647656 0.813889 0.648438 0.815278 0.649219 0.815278 0.650781 0.818056 0.651562 0.818056 0.652344 0.816667 0.652344 0.815278 0.653906 0.8125 0.653906 0.811111 0.655469 0.808333 0.655469 0.806944 0.657031 0.804167 0.653125 0.797222 0.653125 0.795833 0.653906 0.794444 0.653906 0.790278 0.654688 0.788889 0.654688 0.786111 0.653906 0.786111 0.651562 0.781944
0 0.555469 0.725 0.554688 0.726389 0.553906 0.726389 0.553125 0.727778 0.551562 0.727778 0.550781 0.729167 0.55 0.729167 0.549219 0.730556 0.549219 0.738889 0.548438 0.740278 0.548438 0.745833 0.55 0.748611 0.55 0.75 0.550781 0.751389 0.550781 0.752778 0.552344 0.755556 0.553125 0.754167 0.553125 0.752778 0.557031 0.745833 0.557031 0.744444 0.557812 0.743056 0.557812 0.730556 0.557031 0.729167 0.557031 0.726389 0.55625 0.725
0 0.578906 0.7 0.576562 0.704167 0.576562 0.705556 0.577344 0.706944 0.577344 0.708333 0.578906 0.711111 0.579688 0.711111 0.580469 0.7125 0.585156 0.7125 0.585156 0.705556 0.583594 0.702778 0.582812 0.702778 0.582031 0.701389 0.579688 0.701389
0 0.3375 0.579167 0.336719 0.580556 0.336719 0.595833 0.3375 0.595833 0.339062 0.598611 0.339844 0.598611 0.342969 0.593056 0.342969 0.591667 0.34375 0.590278 0.34375 0.586111 0.342969 0.584722 0.342969 0.583333 0.341406 0.580556 0.339844 0.580556 0.339062 0.579167
0 0.989844 0.555556 0.988281 0.558333 0.9875 0.558333 0.985938 0.561111 0.986719 0.5625 0.986719 0.565278 0.9875 0.566667 0.9875 0.569444 0.988281 0.570833 0.988281 0.572222 0.989062 0.573611 0.989062 0.576389 0.989844 0.575 0.990625 0.575 0.992188 0.572222 0.992969 0.572222 0.99375 0.570833 0.99375 0.569444 0.994531 0.568056 0.994531 0.5625 0.995312 0.561111 0.995312 0.558333 0.994531 0.558333 0.99375 0.556944 0.992188 0.556944 0.991406 0.555556
0 0.544531 0.479167 0.544531 0.480556 0.54375 0.481944 0.54375 0.4875 0.548438 0.495833 0.548438 0.488889 0.549219 0.4875 0.548438 0.486111 0.548438 0.483333 0.547656 0.481944 0.547656 0.480556 0.545312 0.480556
0 0.546875 0.438889 0.546875 0.440278 0.545312 0.443056 0.545312 0.444444 0.542969 0.448611 0.542969 0.45 0.538281 0.458333 0.5375 0.458333 0.536719 0.459722 0.5375 0.461111 0.5375 0.4625 0.539062 0.465278 0.539062 0.466667 0.540625 0.469444 0.540625 0.470833 0.542188 0.473611 0.544531 0.473611 0.545312 0.475 0.546094 0.475 0.546875 0.473611 0.546875 0.472222 0.552344 0.4625 0.553125 0.4625 0.553906 0.461111 0.553906 0.459722 0.553125 0.458333 0.553125 0.456944 0.552344 0.455556 0.552344 0.454167 0.551562 0.452778 0.551562 0.451389 0.550781 0.45 0.550781 0.448611 0.549219 0.445833 0.549219 0.444444 0.547656 0.441667 0.547656 0.440278
0 0.713281 0.427778 0.7125 0.429167 0.710938 0.429167 0.710938 0.434722 0.713281 0.434722 0.714062 0.436111 0.714844 0.434722 0.715625 0.434722 0.716406 0.433333 0.716406 0.429167 0.715625 0.427778
0 0.584375 0.416667 0.583594 0.418056 0.582812 0.418056 0.582031 0.419444 0.58125 0.419444 0.580469 0.420833 0.579688 0.420833 0.578906 0.422222 0.577344 0.422222 0.576562 0.423611 0.575781 0.423611 0.575 0.425 0.574219 0.425 0.573438 0.426389 0.572656 0.426389 0.573438 0.427778 0.573438 0.429167 0.574219 0.430556 0.574219 0.433333 0.575 0.434722 0.575 0.4375 0.577344 0.441667 0.578125 0.441667 0.578906 0.443056 0.579688 0.443056 0.580469 0.444444 0.58125 0.444444 0.582031 0.445833 0.589844 0.445833 0.589844 0.443056 0.589062 0.441667 0.589062 0.4375 0.588281 0.436111 0.588281 0.430556 0.5875 0.429167 0.5875 0.426389 0.586719 0.425 0.586719 0.423611 0.585938 0.422222 0.585938 0.420833 0.585156 0.419444 0.585156 0.418056
0 0.303125 0.397222 0.302344 0.398611 0.301562 0.398611 0.301562 0.409722 0.303125 0.4125 0.303906 0.4125 0.304688 0.413889 0.30625 0.413889 0.30625 0.411111 0.307031 0.409722 0.307031 0.404167 0.305469 0.401389 0.305469 0.4 0.303906 0.397222
0 0.39375 0.372222 0.392969 0.373611 0.392188 0.373611 0.392188 0.375 0.392969 0.376389 0.392969 0.379167 0.394531 0.376389 0.395312 0.376389 0.395312 0.375 0.394531 0.373611 0.394531 0.372222
0 0.571875 0.343056 0.571094 0.344444 0.567969 0.344444 0.567969 0.347222 0.567188 0.348611 0.567188 0.35 0.571094 0.356944 0.571875 0.356944 0.572656 0.358333 0.573438 0.358333 0.574219 0.359722 0.575 0.359722 0.575781 0.361111 0.576562 0.361111 0.577344 0.359722 0.577344 0.358333 0.578125 0.356944 0.578125 0.355556 0.578906 0.354167 0.578906 0.348611 0.578125 0.347222 0.578125 0.345833 0.577344 0.344444 0.573438 0.344444 0.572656 0.343056
0 0.471094 0.191667 0.470312 0.193056 0.469531 0.193056 0.467969 0.195833 0.467188 0.195833 0.466406 0.197222 0.465625 0.197222 0.464844 0.198611 0.464844 0.204167 0.464062 0.205556 0.464062 0.2125 0.463281 0.213889 0.463281 0.215278 0.464062 0.216667 0.466406 0.216667 0.467188 0.218056 0.46875 0.218056 0.469531 0.219444 0.471875 0.219444 0.472656 0.220833 0.475 0.220833 0.475781 0.219444 0.479688 0.219444 0.480469 0.218056 0.484375 0.218056 0.485156 0.216667 0.486719 0.216667 0.486719 0.2125 0.485938 0.211111 0.485938 0.205556 0.484375 0.202778 0.484375 0.201389 0.48125 0.195833 0.48125 0.194444 0.480469 0.193056 0.475781 0.193056 0.475 0.191667
