0 0.552344 0.620833 0.551562 0.622222 0.551562 0.623611 0.550781 0.625 0.550781 0.6375 0.551562 0.638889 0.551562 0.641667 0.552344 0.643056 0.552344 0.645833 0.553125 0.647222 0.553125 0.65 0.553906 0.65 0.554688 0.651389 0.557031 0.651389 0.557812 0.652778 0.560156 0.652778 0.560938 0.651389 0.561719 0.651389 0.5625 0.65 0.563281 0.65 0.564062 0.648611 0.565625 0.648611 0.567969 0.644444 0.567969 0.643056 0.56875 0.641667 0.56875 0.6375 0.567969 0.636111 0.563281 0.636111 0.5625 0.634722 0.561719 0.634722 0.560938 0.633333 0.560156 0.633333 0.555469 0.625 0.554688 0.625
0 0.559375 0.602778 0.557812 0.605556 0.559375 0.608333 0.559375 0.609722 0.560156 0.611111 0.560156 0.620833 0.560938 0.622222 0.560938 0.623611 0.561719 0.625 0.561719 0.626389 0.564844 0.620833 0.564844 0.616667 0.565625 0.615278 0.565625 0.611111 0.566406 0.609722 0.565625 0.608333 0.5625 0.608333
0 0.592188 0.588889 0.591406 0.590278 0.5875 0.590278 0.5875 0.591667 0.585938 0.594444 0.585938 0.595833 0.588281 0.6 0.589844 0.6 0.590625 0.601389 0.591406 0.601389 0.592188 0.602778 0.59375 0.602778 0.595312 0.605556 0.596094 0.605556 0.597656 0.608333 0.598438 0.608333 0.599219 0.609722 0.600781 0.609722 0.601562 0.611111 0.602344 0.611111 0.603125 0.6125 0.603906 0.6125 0.603906 0.609722 0.604688 0.608333 0.604688 0.602778 0.603906 0.601389 0.603906 0.6 0.600781 0.594444 0.6 0.594444 0.599219 0.593056 0.598438 0.593056 0.596875 0.590278 0.596094 0.590278 0.595312 0.588889
0 0.439844 0.577778 0.438281 0.580556 0.4375 0.580556 0.436719 0.581944 0.436719 0.584722 0.435938 0.586111 0.435938 0.5875 0.4375 0.590278 0.4375 0.591667 0.439062 0.594444 0.439062 0.595833 0.440625 0.598611 0.440625 0.6 0.441406 0.6 0.442188 0.598611 0.442969 0.598611 0.44375 0.597222 0.44375 0.595833 0.444531 0.594444 0.444531 0.591667 0.445312 0.590278 0.445312 0.5875 0.444531 0.586111 0.444531 0.584722 0.44375 0.583333 0.44375 0.581944 0.442969 0.580556 0.442188 0.580556 0.440625 0.577778
0 0.463281 0.551389 0.4625 0.552778 0.460938 0.552778 0.460156 0.554167 0.459375 0.554167 0.458594 0.555556 0.458594 0.556944 0.457812 0.558333 0.457812 0.5625 0.458594 0.563889 0.458594 0.565278 0.460938 0.565278 0.461719 0.566667 0.464062 0.566667 0.467188 0.561111 0.467969 0.561111 0.467969 0.552778 0.467188 0.551389
0 0.471875 0.526389 0.471875 0.527778 0.471094 0.529167 0.471094 0.531944 0.472656 0.534722 0.472656 0.536111 0.475781 0.541667 0.480469 0.541667 0.48125 0.543056 0.482031 0.541667 0.482031 0.540278 0.483594 0.5375 0.483594 0.536111 0.48125 0.531944 0.476562 0.531944 0.475 0.529167 0.474219 0.529167 0.472656 0.526389
0 0.484375 0.518056 0.484375 0.525 0.486719 0.529167 0.4875 0.527778 0.488281 0.527778 0.489062 0.526389 0.489062 0.523611 0.488281 0.522222 0.488281 0.520833 0.4875 0.520833 0.486719 0.519444 0.485156 0.519444
0 0.474219 0.4625 0.473438 0.463889 0.472656 0.463889 0.471875 0.465278 0.470312 0.465278 0.469531 0.466667 0.46875 0.466667 0.46875 0.472222 0.467969 0.473611 0.467969 0.475 0.46875 0.476389 0.46875 0.477778 0.469531 0.479167 0.469531 0.480556 0.473438 0.480556 0.474219 0.479167
0 0.078906 0.4625 0.077344 0.465278 0.076562 0.465278 0.075 0.468056 0.075 0.475 0.074219 0.476389 0.074219 0.479167 0.075 0.480556 0.075781 0.480556 0.078906 0.486111 0.080469 0.486111 0.08125 0.484722 0.082031 0.484722 0.082812 0.483333 0.083594 0.483333 0.084375 0.481944 0.085156 0.481944 0.085938 0.480556 0.086719 0.480556 0.090625 0.473611 0.089844 0.473611 0.089062 0.472222 0.0875 0.472222 0.084375 0.466667 0.084375 0.465278 0.083594 0.463889 0.083594 0.4625
0 0.682031 0.418056 0.68125 0.419444 0.678906 0.419444 0.678125 0.420833 0.678125 0.422222 0.677344 0.423611 0.677344 0.427778 0.682031 0.436111 0.683594 0.436111 0.684375 0.4375 0.685156 0.436111 0.685156 0.434722 0.685938 0.433333 0.685938 0.430556 0.685156 0.429167 0.685156 0.427778 0.684375 0.426389 0.684375 0.422222
0 0.689062 0.416667 0.689062 0.422222 0.688281 0.423611 0.688281 0.425 0.689062 0.426389 0.689062 0.430556 0.689844 0.430556 0.690625 0.429167 0.690625 0.427778 0.691406 0.426389 0.691406 0.419444 0.690625 0.418056 0.689844 0.418056
0 0.464844 0.404167 0.464062 0.405556 0.4625 0.405556 0.4625 0.409722 0.461719 0.411111 0.461719 0.416667 0.4625 0.418056 0.4625 0.419444 0.463281 0.420833 0.463281 0.423611 0.465625 0.423611 0.466406 0.425 0.46875 0.425 0.46875 0.423611 0.470312 0.420833 0.470312 0.419444 0.471094 0.418056 0.471094 0.415278 0.471875 0.413889 0.471875 0.4125 0.472656 0.411111 0.472656 0.409722 0.471094 0.406944 0.471094 0.405556 0.46875 0.405556 0.467969 0.404167
0 0.527344 0.090278 0.526562 0.091667 0.525781 0.091667 0.524219 0.094444 0.524219 0.101389 0.526562 0.101389 0.527344 0.102778 0.529688 0.102778 0.530469 0.101389 0.532812 0.101389 0.533594 0.1 0.534375 0.1 0.535156 0.098611 0.535156 0.097222 0.535938 0.095833 0.535156 0.094444 0.535156 0.093056 0.534375 0.091667 0.534375 0.090278
