0 0.173438 0.618056 0.172656 0.619444 0.171094 0.619444 0.170312 0.620833 0.170312 0.631944 0.171094 0.631944 0.174219 0.6375 0.175 0.6375 0.177344 0.641667 0.178125 0.641667 0.178906 0.640278 0.179688 0.640278 0.180469 0.638889 0.18125 0.638889 0.179688 0.636111 0.179688 0.634722 0.177344 0.630556 0.177344 0.629167 0.175781 0.626389 0.175781 0.625 0.174219 0.622222 0.174219 0.620833 0.173438 0.619444
0 0.634375 0.613889 0.634375 0.615278 0.632031 0.619444 0.632031 0.622222 0.632812 0.623611 0.632812 0.625 0.633594 0.626389 0.633594 0.627778 0.634375 0.629167 0.634375 0.630556 0.635156 0.631944 0.635156 0.634722 0.635938 0.636111 0.635938 0.6375 0.641406 0.6375 0.646094 0.629167 0.646094 0.625 0.645312 0.623611 0.645312 0.620833 0.644531 0.619444 0.644531 0.618056 0.642969 0.618056 0.642188 0.616667 0.639844 0.616667 0.639062 0.615278 0.636719 0.615278 0.635938 0.613889
0 0.186719 0.608333 0.185938 0.609722 0.184375 0.609722 0.183594 0.611111 0.183594 0.613889 0.184375 0.615278 0.184375 0.616667 0.185156 0.618056 0.185156 0.619444 0.185938 0.620833 0.185938 0.622222 0.1875 0.625 0.1875 0.626389 0.189062 0.629167 0.189062 0.630556 0.190625 0.633333 0.190625 0.634722 0.191406 0.634722 0.192969 0.631944 0.192969 0.630556 0.195312 0.626389 0.195312 0.618056 0.194531 0.616667 0.194531 0.613889 0.19375 0.6125 0.192969 0.6125 0.191406 0.609722 0.190625 0.609722 0.189844 0.608333
0 0.636719 0.595833 0.640625 0.602778 0.642969 0.602778 0.64375 0.604167 0.646094 0.604167 0.646094 0.602778 0.647656 0.6 0.646875 0.598611 0.646094 0.598611 0.645312 0.597222 0.64375 0.597222 0.642969 0.595833
0 0.644531 0.570833 0.64375 0.572222 0.642969 0.572222 0.641406 0.575 0.640625 0.575 0.639844 0.576389 0.639062 0.576389 0.638281 0.577778 0.638281 0.579167 0.639062 0.580556 0.639062 0.581944 0.639844 0.583333 0.639844 0.584722 0.640625 0.586111 0.640625 0.5875 0.641406 0.588889 0.641406 0.590278 0.642188 0.590278 0.642969 0.591667 0.646875 0.591667 0.647656 0.593056 0.651562 0.593056 0.652344 0.591667 0.65625 0.591667 0.65625 0.590278 0.657031 0.588889 0.657031 0.583333 0.65625 0.583333 0.654688 0.580556 0.653906 0.580556 0.653125 0.579167 0.652344 0.579167 0.651562 0.577778 0.650781 0.577778 0.649219 0.575 0.648438 0.575 0.647656 0.573611 0.646875 0.573611 0.646094 0.572222 0.645312 0.572222
0 0.658594 0.558333 0.657812 0.559722 0.655469 0.559722 0.654688 0.561111 0.652344 0.561111 0.651562 0.5625 0.653125 0.565278 0.653125 0.566667 0.653906 0.568056 0.653906 0.569444 0.655469 0.572222 0.657812 0.572222 0.658594 0.570833 0.660156 0.570833 0.661719 0.568056 0.6625 0.568056 0.664062 0.565278 0.663281 0.565278 0.659375 0.558333
0 0.538281 0.477778 0.538281 0.490278 0.5375 0.491667 0.5375 0.493056 0.536719 0.494444 0.536719 0.495833 0.535156 0.498611 0.535156 0.501389 0.535938 0.502778 0.535938 0.504167 0.5375 0.506944 0.5375 0.508333 0.539062 0.511111 0.539062 0.5125 0.540625 0.515278 0.540625 0.516667 0.541406 0.518056 0.542188 0.518056 0.54375 0.515278 0.544531 0.515278 0.545312 0.513889 0.546094 0.513889 0.546094 0.5125 0.546875 0.511111 0.546875 0.508333 0.547656 0.506944 0.547656 0.504167 0.548438 0.502778 0.548438 0.4875 0.546094 0.483333 0.545312 0.483333 0.542188 0.477778
0 0.877344 0.416667 0.875 0.420833 0.875 0.422222 0.872656 0.426389 0.872656 0.427778 0.871875 0.429167 0.871875 0.430556 0.870312 0.433333 0.870312 0.440278 0.871094 0.441667 0.871094 0.444444 0.874219 0.438889 0.875 0.438889 0.877344 0.434722 0.878125 0.434722 0.878125 0.433333 0.878906 0.431944 0.878906 0.430556 0.880469 0.427778 0.880469 0.426389 0.88125 0.425 0.88125 0.423611 0.882031 0.422222 0.882031 0.420833 0.880469 0.418056 0.879688 0.418056 0.878906 0.416667
0 0.479688 0.397222 0.478906 0.398611 0.476562 0.398611 0.475781 0.4 0.474219 0.4 0.473438 0.401389 0.471875 0.401389 0.471094 0.402778 0.471094 0.405556 0.470312 0.406944 0.470312 0.415278 0.471094 0.416667 0.471094 0.419444 0.471875 0.420833 0.471875 0.423611 0.472656 0.425 0.477344 0.425 0.478125 0.426389 0.478906 0.425 0.479688 0.425 0.482031 0.420833 0.482812 0.420833 0.484375 0.418056 0.484375 0.413889 0.485156 0.4125 0.485156 0.406944 0.480469 0.398611 0.480469 0.397222
0 0.927344 0.168056 0.927344 0.169444 0.926562 0.170833 0.926562 0.172222 0.925781 0.173611 0.925781 0.175 0.925 0.176389 0.925 0.177778 0.924219 0.179167 0.922656 0.179167 0.921875 0.180556 0.920312 0.180556 0.919531 0.181944 0.917969 0.181944 0.917188 0.183333 0.916406 0.183333 0.915625 0.181944 0.910938 0.181944 0.910938 0.2 0.911719 0.201389 0.911719 0.204167 0.9125 0.204167 0.914062 0.201389 0.914844 0.201389 0.915625 0.2 0.916406 0.2 0.917969 0.197222 0.91875 0.198611 0.925781 0.198611 0.926562 0.197222 0.927344 0.197222 0.929688 0.193056 0.930469 0.193056 0.93125 0.191667 0.93125 0.190278 0.932031 0.188889 0.932031 0.183333 0.932812 0.181944 0.932812 0.173611 0.932031 0.173611 0.929688 0.169444 0.928906 0.169444 0.928125 0.168056
0 0.935156 0.158333 0.935156 0.159722 0.934375 0.161111 0.934375 0.168056 0.9375 0.168056 0.9375 0.166667 0.938281 0.165278 0.938281 0.161111 0.939062 0.159722 0.939062 0.158333
0 0.700781 0.144444 0.699219 0.147222 0.699219 0.148611 0.697656 0.151389 0.697656 0.152778 0.696875 0.154167 0.696875 0.158333 0.696094 0.159722 0.696094 0.163889 0.696875 0.165278 0.696875 0.166667 0.697656 0.168056 0.697656 0.169444 0.698438 0.168056 0.699219 0.168056 0.7 0.166667 0.700781 0.166667 0.702344 0.163889 0.702344 0.1625 0.703125 0.161111 0.703125 0.156944 0.703906 0.155556 0.703906 0.148611 0.704688 0.147222 0.704688 0.144444
0 0.93125 0.077778 0.929688 0.080556 0.928906 0.080556 0.925 0.0875 0.925 0.094444 0.924219 0.095833 0.924219 0.1 0.925 0.101389 0.925 0.105556 0.925781 0.106944 0.926562 0.106944 0.927344 0.105556 0.932031 0.105556 0.932031 0.104167 0.932812 0.102778 0.932812 0.095833 0.933594 0.094444 0.933594 0.0875 0.934375 0.086111 0.934375 0.077778
0 0.757812 0.063889 0.757031 0.065278 0.755469 0.065278 0.754688 0.066667 0.753125 0.066667 0.751562 0.069444 0.751562 0.070833 0.750781 0.072222 0.750781 0.075 0.75 0.076389 0.75 0.077778 0.749219 0.079167 0.749219 0.0875 0.75 0.088889 0.75 0.094444 0.753906 0.094444 0.755469 0.091667 0.755469 0.090278 0.757031 0.0875 0.757031 0.086111 0.757812 0.084722 0.757812 0.083333 0.758594 0.081944 0.758594 0.079167 0.759375 0.077778 0.759375 0.075 0.760156 0.073611 0.760156 0.063889
0 0.771094 0.05 0.770312 0.051389 0.770312 0.054167 0.769531 0.055556 0.769531 0.056944 0.76875 0.058333 0.76875 0.059722 0.767969 0.061111 0.767969 0.063889 0.767188 0.065278 0.767188 0.068056 0.766406 0.069444 0.766406 0.072222 0.765625 0.073611 0.765625 0.076389 0.764844 0.077778 0.764844 0.081944 0.764062 0.083333 0.764062 0.0875 0.763281 0.088889 0.763281 0.094444 0.7625 0.095833 0.7625 0.097222 0.763281 0.097222 0.764062 0.095833 0.766406 0.095833 0.767188 0.094444 0.767969 0.094444 0.769531 0.091667 0.769531 0.090278 0.771094 0.0875 0.771094 0.086111 0.772656 0.083333 0.772656 0.080556 0.773438 0.079167 0.773438 0.077778 0.774219 0.076389 0.774219 0.075 0.775 0.073611 0.775 0.069444 0.775781 0.068056 0.775781 0.0625 0.776562 0.061111 0.776562 0.056944 0.774219 0.052778 0.773438 0.052778 0.772656 0.051389 0.771875 0.051389
