0 0.586719 0.9875 0.585156 0.990278 0.585156 0.994444 0.586719 0.997222 0.5875 0.997222 0.588281 0.998611 0.59375 0.998611 0.595312 0.995833 0.595312 0.993056 0.59375 0.990278 0.592188 0.990278 0.591406 0.991667 0.590625 0.991667 0.588281 0.9875
0 0.540625 0.981944 0.539844 0.983333 0.539062 0.983333 0.5375 0.986111 0.5375 0.990278 0.535156 0.994444 0.535156 0.997222 0.535938 0.998611 0.555469 0.998611 0.55625 0.997222 0.55625 0.990278 0.553906 0.986111 0.552344 0.986111 0.551562 0.984722 0.55 0.984722 0.549219 0.983333 0.546094 0.983333 0.545312 0.981944
0 0.022656 0.966667 0.019531 0.972222 0.019531 0.979167 0.021875 0.983333 0.025 0.983333 0.027344 0.979167 0.027344 0.977778 0.028906 0.975 0.028906 0.972222 0.027344 0.969444 0.026562 0.969444 0.025 0.966667
0 0.0125 0.963889 0.011719 0.965278 0.010938 0.965278 0.009375 0.968056 0.009375 0.976389 0.010938 0.979167 0.0125 0.979167 0.014062 0.981944 0.016406 0.981944 0.017969 0.979167 0.017969 0.970833 0.017188 0.969444 0.017188 0.968056 0.015625 0.965278 0.014844 0.965278 0.014062 0.963889
0 0.011719 0.940278 0.008594 0.945833 0.008594 0.95 0.010156 0.952778 0.010938 0.952778 0.011719 0.954167 0.014062 0.954167 0.014844 0.952778 0.015625 0.952778 0.017969 0.948611 0.017969 0.945833 0.014844 0.940278
0 0.025 0.936111 0.024219 0.9375 0.023438 0.9375 0.021094 0.941667 0.021094 0.945833 0.020312 0.947222 0.020312 0.95 0.021875 0.952778 0.024219 0.952778 0.025 0.951389 0.026562 0.951389 0.027344 0.95 0.028125 0.95 0.029688 0.947222 0.029688 0.943056 0.028906 0.941667 0.028906 0.938889 0.027344 0.936111
0 0.629688 0.901389 0.628125 0.904167 0.628125 0.906944 0.629688 0.909722 0.63125 0.909722 0.632812 0.906944 0.632812 0.904167 0.63125 0.901389
0 0.311719 0.854167 0.310156 0.856944 0.310156 0.859722 0.311719 0.8625 0.313281 0.8625 0.314844 0.859722 0.314844 0.856944 0.313281 0.854167
0 0.344531 0.822222 0.340625 0.829167 0.339844 0.829167 0.3375 0.833333 0.3375 0.8375 0.339062 0.840278 0.340625 0.840278 0.342188 0.8375 0.342969 0.8375 0.34375 0.838889 0.346094 0.838889 0.348438 0.834722 0.348438 0.833333 0.349219 0.831944 0.349219 0.827778 0.348438 0.826389 0.348438 0.825 0.346875 0.822222
0 0.68125 0.672222 0.678906 0.676389 0.678906 0.679167 0.679688 0.680556 0.679688 0.681944 0.68125 0.679167 0.68125 0.676389 0.682031 0.675 0.682031 0.672222
0 0.69375 0.659722 0.692969 0.661111 0.691406 0.661111 0.689844 0.663889 0.689844 0.666667 0.689062 0.668056 0.689062 0.676389 0.689844 0.675 0.691406 0.675 0.692188 0.673611 0.697656 0.673611 0.696875 0.672222 0.696875 0.668056 0.697656 0.666667 0.697656 0.6625 0.696094 0.6625 0.694531 0.659722
0 0.329688 0.656944 0.328125 0.659722 0.328125 0.663889 0.326562 0.666667 0.326562 0.669444 0.328125 0.672222 0.33125 0.672222 0.333594 0.668056 0.333594 0.665278 0.332812 0.663889 0.332812 0.659722 0.33125 0.656944
0 0.482031 0.615278 0.480469 0.618056 0.479688 0.618056 0.478906 0.619444 0.476562 0.619444 0.478125 0.619444 0.478906 0.620833 0.478125 0.622222 0.478125 0.623611 0.476562 0.626389 0.476562 0.627778 0.475781 0.629167 0.476562 0.630556 0.476562 0.633333 0.478125 0.636111 0.478125 0.6375 0.478906 0.6375 0.480469 0.640278 0.482031 0.640278 0.482812 0.638889 0.483594 0.638889 0.484375 0.6375 0.485156 0.6375 0.485938 0.636111 0.486719 0.6375 0.486719 0.629167 0.485938 0.627778 0.485938 0.626389 0.486719 0.625 0.486719 0.620833 0.485156 0.618056 0.485156 0.616667 0.484375 0.615278
0 0.427344 0.613889 0.425781 0.616667 0.425781 0.618056 0.425 0.619444 0.425 0.625 0.426562 0.627778 0.428125 0.627778 0.429688 0.625 0.429688 0.623611 0.430469 0.622222 0.430469 0.616667 0.428906 0.613889
0 0.43125 0.601389 0.429688 0.604167 0.429688 0.606944 0.432031 0.611111 0.435156 0.611111 0.436719 0.608333 0.436719 0.605556 0.435156 0.602778 0.434375 0.602778 0.433594 0.601389
0 0.628125 0.577778 0.626562 0.580556 0.626562 0.581944 0.625781 0.583333 0.625781 0.590278 0.628125 0.594444 0.632031 0.594444 0.632031 0.591667 0.633594 0.588889 0.633594 0.5875 0.634375 0.586111 0.634375 0.579167 0.633594 0.577778
0 0.345312 0.576389 0.34375 0.579167 0.34375 0.581944 0.345312 0.584722 0.347656 0.584722 0.348438 0.586111 0.35 0.586111 0.351562 0.583333 0.351562 0.580556 0.35 0.577778 0.347656 0.577778 0.346875 0.576389
0 0.567969 0.563889 0.566406 0.566667 0.566406 0.573611 0.567969 0.576389 0.569531 0.576389 0.571094 0.573611 0.571094 0.566667 0.569531 0.563889
0 0.877344 0.558333 0.875781 0.561111 0.875781 0.563889 0.877344 0.566667 0.878906 0.566667 0.880469 0.563889 0.880469 0.561111 0.878906 0.558333
0 0.629688 0.552778 0.629688 0.554167 0.628906 0.555556 0.628906 0.558333 0.630469 0.561111 0.632031 0.561111 0.632812 0.559722 0.632812 0.554167 0.632031 0.552778
0 0.645312 0.5375 0.64375 0.540278 0.64375 0.543056 0.646094 0.547222 0.647656 0.547222 0.649219 0.544444 0.649219 0.540278 0.647656 0.5375
0 0.496875 0.534722 0.495312 0.5375 0.495312 0.547222 0.496875 0.55 0.498438 0.55 0.499219 0.551389 0.500781 0.551389 0.502344 0.548611 0.502344 0.545833 0.501562 0.544444 0.501562 0.538889 0.499219 0.534722
0 0.626562 0.533333 0.625 0.536111 0.625 0.5375 0.624219 0.538889 0.624219 0.541667 0.628125 0.548611 0.63125 0.548611 0.632812 0.545833 0.632812 0.543056 0.63125 0.540278 0.630469 0.540278 0.629688 0.538889 0.629688 0.536111 0.628125 0.533333
0 0.778906 0.531944 0.777344 0.534722 0.777344 0.5375 0.779688 0.541667 0.78125 0.541667 0.782812 0.538889 0.782812 0.536111 0.780469 0.531944
0 0.9875 0.530556 0.985938 0.533333 0.985938 0.536111 0.9875 0.538889 0.9875 0.543056 0.989062 0.545833 0.991406 0.545833 0.992969 0.543056 0.992969 0.540278 0.990625 0.536111 0.990625 0.533333 0.989062 0.530556
0 0.642188 0.526389 0.640625 0.529167 0.640625 0.531944 0.642188 0.534722 0.64375 0.534722 0.645312 0.531944 0.645312 0.529167 0.64375 0.526389
0 0.625 0.488889 0.623438 0.491667 0.623438 0.494444 0.625 0.497222 0.626562 0.497222 0.627344 0.495833 0.628125 0.495833 0.629688 0.498611 0.63125 0.498611 0.632812 0.495833 0.632812 0.493056 0.63125 0.490278 0.629688 0.490278 0.628906 0.491667 0.628125 0.491667 0.626562 0.488889
0 0.38125 0.473611 0.380469 0.475 0.378906 0.475 0.378906 0.476389 0.378125 0.477778 0.378125 0.479167 0.378906 0.480556 0.378906 0.481944 0.378125 0.483333 0.377344 0.483333 0.376562 0.484722 0.375781 0.484722 0.375781 0.488889 0.372656 0.494444 0.373438 0.494444 0.374219 0.495833 0.374219 0.498611 0.375 0.497222 0.375 0.495833 0.375781 0.494444 0.380469 0.494444 0.38125 0.495833 0.379688 0.498611 0.378906 0.498611 0.378906 0.502778 0.378125 0.504167 0.377344 0.504167 0.376562 0.505556 0.376562 0.509722 0.378125 0.5125 0.382812 0.5125 0.384375 0.515278 0.384375 0.518056 0.385938 0.520833 0.389844 0.520833 0.391406 0.518056 0.391406 0.515278 0.389844 0.5125 0.389844 0.509722 0.389062 0.508333 0.389062 0.506944 0.390625 0.504167 0.391406 0.505556 0.394531 0.505556 0.396094 0.502778 0.396094 0.491667 0.389062 0.479167 0.389062 0.476389 0.388281 0.475 0.3875 0.475 0.385938 0.477778 0.385938 0.483333 0.386719 0.484722 0.386719 0.488889 0.3875 0.490278 0.3875 0.491667 0.386719 0.493056 0.3875 0.494444 0.3875 0.497222 0.386719 0.498611 0.385938 0.497222 0.384375 0.497222 0.383594 0.495833 0.382812 0.495833 0.382031 0.494444 0.382812 0.493056 0.382812 0.488889 0.383594 0.4875 0.383594 0.481944 0.382812 0.480556 0.382812 0.479167 0.382031 0.477778 0.382031 0.473611
0 0.867969 0.465278 0.866406 0.468056 0.866406 0.469444 0.864844 0.472222 0.864844 0.475 0.866406 0.477778 0.867969 0.477778 0.86875 0.476389 0.869531 0.477778 0.871094 0.477778 0.872656 0.475 0.872656 0.472222 0.871094 0.469444 0.871094 0.468056 0.869531 0.465278
0 0.335156 0.4625 0.334375 0.463889 0.33125 0.463889 0.329688 0.466667 0.329688 0.469444 0.33125 0.472222 0.334375 0.472222 0.335156 0.470833 0.336719 0.470833 0.338281 0.468056 0.338281 0.465278 0.336719 0.4625
0 0.772656 0.409722 0.770312 0.413889 0.771094 0.415278 0.771094 0.416667 0.771875 0.418056 0.771875 0.419444 0.772656 0.420833 0.772656 0.422222 0.776562 0.422222 0.778125 0.425 0.78125 0.425 0.782812 0.422222 0.782812 0.419444 0.782031 0.418056 0.782031 0.4125 0.78125 0.411111 0.775 0.411111 0.774219 0.409722
0 0.776562 0.391667 0.775 0.394444 0.775781 0.395833 0.775781 0.398611 0.776562 0.4 0.779688 0.4 0.780469 0.398611 0.780469 0.397222 0.779688 0.395833 0.779688 0.393056 0.778906 0.391667
0 0.749219 0.254167 0.746875 0.258333 0.746875 0.261111 0.748438 0.263889 0.750781 0.263889 0.752344 0.261111 0.752344 0.256944 0.750781 0.254167
0 0.715625 0.236111 0.714844 0.2375 0.714062 0.2375 0.714062 0.238889 0.713281 0.240278 0.713281 0.244444 0.714844 0.247222 0.720312 0.247222 0.721094 0.248611 0.721094 0.252778 0.721875 0.254167 0.721875 0.255556 0.722656 0.256944 0.723438 0.256944 0.724219 0.258333 0.726562 0.258333 0.727344 0.256944 0.729688 0.256944 0.732812 0.2625 0.732812 0.263889 0.732031 0.265278 0.730469 0.265278 0.729688 0.266667 0.728125 0.266667 0.727344 0.265278 0.725781 0.265278 0.724219 0.2625 0.721875 0.2625 0.721094 0.261111 0.720312 0.261111 0.719531 0.259722 0.71875 0.259722 0.717969 0.261111 0.717188 0.261111 0.715625 0.263889 0.715625 0.265278 0.714844 0.266667 0.715625 0.268056 0.715625 0.272222 0.714844 0.273611 0.714062 0.273611 0.714844 0.275 0.715625 0.275 0.719531 0.281944 0.719531 0.290278 0.71875 0.291667 0.716406 0.291667 0.714844 0.294444 0.714062 0.294444 0.711719 0.298611 0.711719 0.3 0.708594 0.305556 0.707812 0.305556 0.707031 0.306944 0.70625 0.305556 0.704688 0.305556 0.703906 0.304167 0.702344 0.304167 0.700781 0.301389 0.699219 0.301389 0.698438 0.3 0.698438 0.298611 0.696875 0.298611 0.696875 0.3 0.697656 0.301389 0.696875 0.302778 0.696094 0.302778 0.696875 0.304167 0.696875 0.309722 0.698438 0.3125 0.698438 0.315278 0.699219 0.315278 0.7 0.316667 0.7 0.320833 0.700781 0.320833 0.701562 0.322222 0.701562 0.326389 0.702344 0.327778 0.702344 0.329167 0.703125 0.330556 0.703125 0.331944 0.703906 0.331944 0.704688 0.333333 0.705469 0.331944 0.707031 0.331944 0.707812 0.330556 0.709375 0.330556 0.708594 0.329167 0.708594 0.327778 0.709375 0.326389 0.709375 0.323611 0.710156 0.322222 0.710156 0.313889 0.709375 0.313889 0.708594 0.3125 0.709375 0.311111 0.709375 0.309722 0.710938 0.306944 0.716406 0.306944 0.717188 0.305556 0.717969 0.305556 0.71875 0.304167 0.71875 0.295833 0.720312 0.293056 0.723438 0.293056 0.724219 0.291667 0.725 0.291667 0.724219 0.290278 0.724219 0.286111 0.725 0.284722 0.725781 0.284722 0.726562 0.283333 0.726562 0.280556 0.727344 0.279167 0.727344 0.277778 0.728125 0.276389 0.732031 0.276389 0.732812 0.277778 0.736719 0.277778 0.7375 0.276389 0.739844 0.276389 0.741406 0.273611 0.741406 0.272222 0.742188 0.270833 0.742188 0.269444 0.741406 0.268056 0.741406 0.266667 0.740625 0.265278 0.740625 0.263889 0.739844 0.2625 0.739844 0.261111 0.739062 0.259722 0.739062 0.254167 0.736719 0.25 0.736719 0.248611 0.7375 0.247222 0.7375 0.244444 0.736719 0.244444 0.735938 0.245833 0.735156 0.244444 0.735156 0.243056 0.734375 0.241667 0.734375 0.240278 0.733594 0.238889 0.732812 0.238889 0.732031 0.2375 0.725781 0.2375 0.723438 0.241667 0.723438 0.243056 0.722656 0.244444 0.721875 0.243056 0.721875 0.241667 0.721094 0.241667 0.719531 0.238889 0.71875 0.238889 0.717969 0.2375 0.717188 0.2375 0.716406 0.236111
