0 0.082031 0.9 0.08125 0.901389 0.077344 0.901389 0.076562 0.902778 0.073438 0.902778 0.072656 0.904167 0.069531 0.904167 0.06875 0.905556 0.06875 0.908333 0.067969 0.909722 0.067969 0.915278 0.067188 0.916667 0.067188 0.920833 0.066406 0.922222 0.066406 0.923611 0.077344 0.923611 0.078906 0.920833 0.079688 0.920833 0.082031 0.916667 0.082812 0.916667 0.083594 0.915278 0.083594 0.9
0 0.092969 0.891667 0.092188 0.893056 0.089844 0.893056 0.089844 0.894444 0.089062 0.895833 0.089062 0.898611 0.088281 0.9 0.088281 0.905556 0.089062 0.906944 0.089062 0.911111 0.089844 0.911111 0.090625 0.909722 0.092969 0.909722 0.09375 0.911111 0.09375 0.9125 0.094531 0.913889 0.095312 0.913889 0.096094 0.9125 0.099219 0.9125 0.1 0.911111 0.1 0.908333 0.099219 0.906944 0.099219 0.9 0.098438 0.898611 0.098438 0.897222 0.097656 0.895833 0.096875 0.895833 0.096094 0.894444 0.095312 0.894444 0.09375 0.891667
0 0.58125 0.636111 0.580469 0.6375 0.580469 0.638889 0.578125 0.643056 0.578125 0.644444 0.576562 0.647222 0.576562 0.648611 0.575 0.651389 0.575 0.654167 0.577344 0.658333 0.577344 0.659722 0.578906 0.6625 0.578906 0.663889 0.580469 0.666667 0.582812 0.666667 0.583594 0.668056 0.586719 0.668056 0.5875 0.669444 0.588281 0.668056 0.588281 0.666667 0.590625 0.6625 0.590625 0.661111 0.592188 0.658333 0.592188 0.656944 0.592969 0.655556 0.592969 0.643056 0.592188 0.641667 0.591406 0.641667 0.590625 0.640278 0.589062 0.640278 0.588281 0.638889 0.586719 0.638889 0.585938 0.6375 0.584375 0.6375 0.583594 0.636111
0 0.569531 0.601389 0.56875 0.602778 0.566406 0.602778 0.565625 0.604167 0.564062 0.604167 0.563281 0.605556 0.560938 0.605556 0.560156 0.606944 0.559375 0.606944 0.558594 0.608333 0.557812 0.608333 0.557031 0.609722 0.55625 0.609722 0.555469 0.611111 0.554688 0.611111 0.553906 0.6125 0.553125 0.6125 0.552344 0.613889 0.552344 0.615278 0.553125 0.616667 0.553125 0.622222 0.553906 0.623611 0.553906 0.626389 0.554688 0.627778 0.554688 0.629167 0.555469 0.630556 0.555469 0.631944 0.55625 0.633333 0.55625 0.634722 0.557031 0.636111 0.557031 0.6375 0.557812 0.6375 0.558594 0.636111 0.558594 0.634722 0.559375 0.633333 0.559375 0.630556 0.560156 0.629167 0.560156 0.625 0.560938 0.623611 0.560938 0.620833 0.561719 0.619444 0.561719 0.616667 0.564062 0.6125 0.564844 0.6125 0.566406 0.609722 0.567188 0.609722 0.56875 0.606944 0.569531 0.606944 0.570312 0.605556 0.569531 0.604167
0 0.545312 0.590278 0.54375 0.593056 0.54375 0.594444 0.540625 0.6 0.54375 0.605556 0.544531 0.605556 0.546094 0.608333 0.547656 0.608333 0.548438 0.609722 0.552344 0.609722 0.553125 0.608333 0.554688 0.608333 0.555469 0.606944 0.555469 0.6 0.553906 0.597222 0.553906 0.595833 0.552344 0.593056 0.550781 0.593056 0.55 0.591667 0.547656 0.591667 0.546875 0.590278
0 0.569531 0.580556 0.56875 0.581944 0.567969 0.581944 0.567188 0.583333 0.566406 0.583333 0.565625 0.584722 0.564844 0.584722 0.564062 0.586111 0.5625 0.586111 0.561719 0.5875 0.560156 0.5875 0.559375 0.588889 0.558594 0.588889 0.55625 0.593056 0.55625 0.595833 0.557031 0.597222 0.557031 0.6 0.557812 0.601389 0.557812 0.604167 0.558594 0.604167 0.559375 0.602778 0.560156 0.602778 0.561719 0.6 0.5625 0.6 0.564062 0.597222 0.564844 0.597222 0.566406 0.594444 0.567188 0.594444 0.567188 0.593056 0.571094 0.586111 0.571094 0.584722 0.570312 0.583333 0.570312 0.580556
0 0.547656 0.568056 0.547656 0.572222 0.546875 0.573611 0.546875 0.575 0.547656 0.576389 0.547656 0.581944 0.548438 0.583333 0.548438 0.586111 0.549219 0.5875 0.55 0.5875 0.550781 0.588889 0.551562 0.588889 0.552344 0.590278 0.553125 0.590278 0.553906 0.591667 0.557031 0.586111 0.557031 0.583333 0.55625 0.581944 0.55625 0.579167 0.555469 0.577778 0.555469 0.576389 0.553906 0.573611 0.553906 0.572222 0.552344 0.572222 0.551562 0.570833 0.550781 0.570833 0.55 0.569444 0.549219 0.569444 0.548438 0.568056
0 0.889062 0.426389 0.889062 0.427778 0.888281 0.429167 0.888281 0.4375 0.889062 0.436111 0.889844 0.436111 0.890625 0.434722 0.891406 0.434722 0.892188 0.433333 0.892188 0.431944 0.892969 0.430556 0.892969 0.426389
0 0.854688 0.426389 0.853906 0.427778 0.853125 0.427778 0.853906 0.429167 0.853906 0.430556 0.854688 0.431944 0.854688 0.433333 0.855469 0.434722 0.855469 0.436111 0.857812 0.440278 0.857812 0.441667 0.857812 0.438889 0.858594 0.4375 0.858594 0.426389
0 0.845312 0.393056 0.84375 0.395833 0.842969 0.395833 0.842969 0.4 0.84375 0.401389 0.845312 0.401389 0.848438 0.395833 0.848438 0.394444 0.846094 0.394444
0 0.671875 0.369444 0.671094 0.370833 0.669531 0.370833 0.66875 0.372222 0.667969 0.372222 0.667188 0.373611 0.666406 0.373611 0.665625 0.375 0.657031 0.375 0.657031 0.377778 0.65625 0.379167 0.65625 0.380556 0.655469 0.381944 0.655469 0.383333 0.654688 0.384722 0.654688 0.386111 0.653906 0.3875 0.653906 0.390278 0.655469 0.393056 0.655469 0.394444 0.657812 0.398611 0.657812 0.4 0.658594 0.401389 0.659375 0.401389 0.660156 0.402778 0.661719 0.402778 0.6625 0.404167 0.664062 0.404167 0.664844 0.405556 0.66875 0.405556 0.669531 0.404167 0.670312 0.404167 0.671094 0.402778 0.672656 0.402778 0.673438 0.401389 0.674219 0.401389 0.675 0.4 0.676562 0.4 0.677344 0.398611 0.680469 0.398611 0.68125 0.397222 0.68125 0.395833 0.682031 0.394444 0.682031 0.393056 0.682812 0.391667 0.682812 0.390278 0.683594 0.388889 0.682812 0.3875 0.682812 0.379167 0.682031 0.377778 0.680469 0.377778 0.679688 0.376389 0.678125 0.376389 0.677344 0.375 0.676562 0.375 0.675781 0.373611 0.675 0.373611 0.674219 0.372222 0.673438 0.372222
