0 0.778125 0.722222 0.777344 0.723611 0.777344 0.725 0.776562 0.726389 0.776562 0.729167 0.777344 0.730556 0.777344 0.731944 0.778906 0.734722 0.783594 0.734722 0.784375 0.733333 0.785938 0.733333 0.785938 0.731944 0.785156 0.730556 0.785156 0.726389 0.783594 0.723611 0.783594 0.722222
0 0.890625 0.672222 0.890625 0.679167 0.892188 0.679167 0.892969 0.680556 0.894531 0.680556 0.894531 0.672222
0 0.195312 0.611111 0.195312 0.620833 0.196094 0.622222 0.196094 0.625 0.196875 0.626389 0.196875 0.627778 0.197656 0.629167 0.197656 0.630556 0.2 0.634722 0.200781 0.634722 0.201562 0.636111 0.202344 0.636111 0.203125 0.6375 0.204688 0.6375 0.205469 0.638889 0.207812 0.638889 0.208594 0.640278 0.209375 0.640278 0.210938 0.6375 0.211719 0.6375 0.2125 0.636111 0.2125 0.634722 0.213281 0.633333 0.213281 0.629167 0.215625 0.625 0.215625 0.623611 0.214844 0.622222 0.214844 0.620833 0.2125 0.616667 0.2125 0.615278 0.210938 0.6125 0.207031 0.6125 0.20625 0.613889 0.205469 0.613889 0.204688 0.615278 0.200781 0.615278 0.2 0.613889 0.198438 0.613889 0.197656 0.6125 0.196094 0.6125
0 0.128125 0.538889 0.127344 0.540278 0.125 0.540278 0.125 0.541667 0.125781 0.543056 0.125781 0.55 0.126562 0.551389 0.126562 0.555556 0.127344 0.556944 0.127344 0.558333 0.128125 0.558333 0.130469 0.5625 0.135156 0.5625 0.135156 0.561111 0.135938 0.559722 0.135938 0.558333 0.135156 0.556944 0.135156 0.555556 0.133594 0.552778 0.133594 0.551389 0.132812 0.55 0.132812 0.548611 0.135156 0.544444 0.135156 0.543056 0.134375 0.541667 0.134375 0.540278 0.133594 0.538889
0 0.196875 0.415278 0.196875 0.418056 0.196094 0.419444 0.196094 0.422222 0.197656 0.425 0.197656 0.426389 0.199219 0.429167 0.198438 0.430556 0.195312 0.430556 0.194531 0.429167 0.194531 0.430556 0.19375 0.431944 0.19375 0.434722 0.194531 0.436111 0.195312 0.436111 0.196094 0.4375 0.196875 0.4375 0.197656 0.438889 0.199219 0.438889 0.199219 0.4375 0.200781 0.434722 0.199219 0.431944 0.199219 0.430556 0.2 0.429167 0.203125 0.429167 0.203906 0.427778 0.205469 0.427778 0.205469 0.426389 0.20625 0.425 0.20625 0.423611 0.207031 0.422222 0.204688 0.418056 0.203125 0.418056 0.202344 0.416667 0.2 0.416667 0.199219 0.415278
0 0.201562 0.4 0.201562 0.402778 0.202344 0.404167 0.203125 0.404167 0.203906 0.405556 0.20625 0.405556 0.207031 0.404167 0.207031 0.401389 0.20625 0.4
0 0.31875 0.388889 0.315625 0.394444 0.315625 0.397222 0.316406 0.398611 0.316406 0.4 0.317188 0.401389 0.317188 0.404167 0.317969 0.405556 0.317969 0.406944 0.31875 0.406944 0.320312 0.404167 0.321094 0.404167 0.321875 0.402778 0.322656 0.402778 0.325781 0.397222 0.325781 0.394444 0.324219 0.391667 0.324219 0.390278 0.323438 0.388889
0 0.196094 0.311111 0.196875 0.3125 0.196875 0.315278 0.197656 0.316667 0.197656 0.318056 0.198438 0.319444 0.204688 0.319444 0.205469 0.318056 0.20625 0.318056 0.20625 0.3125 0.205469 0.311111 0.203906 0.311111 0.203125 0.3125 0.198438 0.3125 0.197656 0.311111
0 0.373438 0.294444 0.373438 0.295833 0.371875 0.298611 0.369531 0.298611 0.36875 0.297222 0.36875 0.313889 0.369531 0.315278 0.369531 0.318056 0.370312 0.319444 0.370312 0.322222 0.371875 0.322222 0.372656 0.323611 0.375 0.323611 0.375781 0.325 0.376562 0.325 0.378906 0.320833 0.378906 0.319444 0.380469 0.316667 0.380469 0.309722 0.379688 0.308333 0.379688 0.306944 0.378906 0.305556 0.378906 0.304167 0.375781 0.298611 0.375781 0.297222 0.374219 0.294444
0 0.570312 0.229167 0.56875 0.231944 0.567969 0.231944 0.565625 0.236111 0.564844 0.236111 0.559375 0.245833 0.559375 0.247222 0.55625 0.252778 0.557031 0.254167 0.557031 0.255556 0.557812 0.256944 0.557812 0.258333 0.559375 0.261111 0.559375 0.2625 0.560156 0.263889 0.560156 0.265278 0.560938 0.266667 0.560938 0.268056 0.561719 0.269444 0.564844 0.269444 0.565625 0.270833 0.573438 0.270833 0.574219 0.269444 0.575 0.269444 0.576562 0.266667 0.577344 0.266667 0.579688 0.2625 0.580469 0.2625 0.58125 0.261111 0.58125 0.259722 0.582812 0.256944 0.582812 0.255556 0.584375 0.252778 0.584375 0.251389 0.585156 0.25 0.584375 0.248611 0.584375 0.247222 0.582812 0.244444 0.582812 0.243056 0.580469 0.238889 0.580469 0.2375 0.579688 0.236111 0.579688 0.234722 0.578906 0.233333 0.578906 0.231944 0.578125 0.230556 0.578125 0.229167
0 0.332031 0.031944 0.33125 0.033333 0.33125 0.0375 0.330469 0.038889 0.330469 0.043056 0.329688 0.044444 0.329688 0.051389 0.330469 0.052778 0.330469 0.054167 0.33125 0.055556 0.33125 0.056944 0.332031 0.058333 0.332031 0.059722 0.332812 0.061111 0.332812 0.0625 0.333594 0.063889 0.333594 0.065278 0.334375 0.066667 0.334375 0.068056 0.335156 0.069444 0.335156 0.070833 0.335938 0.072222 0.335938 0.073611 0.336719 0.075 0.336719 0.076389 0.344531 0.090278 0.35625 0.090278 0.35625 0.0875 0.357031 0.086111 0.357031 0.083333 0.357812 0.081944 0.357812 0.079167 0.358594 0.077778 0.358594 0.073611 0.359375 0.072222 0.359375 0.070833 0.358594 0.069444 0.358594 0.063889 0.357812 0.0625 0.357812 0.056944 0.357031 0.055556 0.357031 0.05 0.35625 0.048611 0.353125 0.048611 0.352344 0.047222 0.35 0.047222 0.345312 0.055556
